0 0.6377008765625 0.701266075 0.63873265625 0.7050466140625 0.7798827375 0.7266824093750001 0.7805519375000001 0.7197925546875 0.77709284375 0.7087260203125 0.7640993140625 0.7039517531249999 0.6603494234375 0.7014807515625 0.6377008765625 0.701266075
0 0.634343165625 0.6587338328125 0.634792428125 0.6651585734375 0.6249755968749999 0.667408246875 0.6208859453125 0.6747546703125 0.6233328609375001 0.6878021171875 0.6341601375 0.6945172109375 0.638895915625 0.6964108390625 0.639927421875 0.7001915875 0.7723377359375 0.70107073125 0.777378125 0.6963499953125 0.7747918953124999 0.6703356828125 0.7667170046875 0.6645807234375 0.75975468125 0.6637615828125 0.6739576656249999 0.66018925625 0.634343165625 0.6587338328125
0 0.6554244296875 0.43254171875 0.6566028296875001 0.421256571875 0.6312089453125 0.3957475453125 0.6124001015625 0.4093100265625 0.61295181875 0.42071707500000005 0.6163763609374999 0.4274847484375 0.6268074015625 0.435974446875 0.6298359453125 0.43238682500000003 0.6554244296875 0.43254171875
0 0.625942040625 0.437667734375 0.6177398734375 0.446983884375 0.6210246671874999 0.46113343906250004 0.6275201265625 0.4672696765625 0.6456097078125 0.461006921875 0.6952468046875 0.46274028749999996 0.6591620125000001 0.42971753125 0.6308221203125 0.43242126406250003 0.625942040625 0.437667734375
0 0.6108192359375 0.49807977656249997 0.6170469656249999 0.5027293125 0.6242788203125 0.502981853125 0.624399634375 0.5047095781250001 0.6394691109374999 0.5044971406250001 0.6481893484375 0.5025856281250001 0.6706467125 0.5001689984375 0.7542456640624999 0.5045656890625 0.6926082890624999 0.4625251796875 0.6418117265625 0.4629673546875 0.6131932 0.47692595000000004 0.60729211875 0.48515295781249995 0.6108192359375 0.49807977656249997
0 0.6319367359375 0.5421525296875 0.6467293625 0.5426691 0.6490137828125 0.537824509375 0.76226771875 0.5395633953125001 0.758137890625 0.5086411453124999 0.7535708624999999 0.5042959734375 0.6497810015625001 0.5019025328125 0.6302303953124999 0.503682209375 0.6234127640625 0.509353328125 0.6154505765625 0.531481721875 0.6209344546875 0.5348740828125 0.62991260625 0.54134316875 0.6312283937500001 0.53671090625 0.6319367359375 0.5421525296875
0 0.6426361953125 0.6271654296875 0.6350529500000001 0.6336101890625 0.637714996875 0.6482303046875 0.6504990687500001 0.6575406328125 0.7808118109375 0.65938291875 0.7878020218749999 0.65617979375 0.7886162999999999 0.6490678359375 0.7868196140625 0.6327544328125 0.7810416171875 0.629844109375 0.7714922234375 0.6245862718749999 0.7680324609375 0.6220030578125 0.6685849765625 0.620746303125 0.65723513125 0.6225659859375 0.6492757124999999 0.62598141875 0.6426361953125 0.6271654296875
0 0.748181615625 0.581975771875 0.6401184390625 0.5794333203125 0.6256716953125 0.5791749828125 0.6253725703125 0.5842735718750001 0.6143194734375 0.5950292171875 0.616480009375 0.6071696375 0.6200263500000001 0.610986859375 0.63030205 0.61725510625 0.6383640453125 0.61999881875 0.6534853015625 0.620526865625 0.72236164375 0.62071605 0.7349400046875 0.6177082859375 0.75885053125 0.617312059375 0.7648890921875 0.614568225 0.7636988703124999 0.5928591140624999 0.7575584140625 0.5847653984375001 0.748181615625 0.581975771875
0 0.632532896875 0.5459899140625 0.6273762578125 0.551965403125 0.6200051375 0.5567555468750001 0.6234630109375 0.5710341171875 0.6257812453125 0.571361225 0.6331504875 0.57826665 0.641697146875 0.57856510625 0.7425802484374999 0.5815954984375 0.7596572953125 0.577267478125 0.768740959375 0.5758609640625 0.7693136078125 0.56529355625 0.7665480015624999 0.549192471875 0.7588846390625 0.54276908125 0.6475343078125 0.5401118421875 0.633606346875 0.542580171875 0.632532896875 0.5459899140625
0 0.8066725671875 0.635294403125 0.78594561875 0.6343242328125 0.7877761328124999 0.6558095515625 0.775301059375 0.6602984921874999 0.7820205234375 0.7235661296875 0.8321058828125001 0.734056078125 0.8255084140625 0.665498784375 0.8195578375 0.6601204671875001 0.810803771875 0.6568600640625 0.8066725671875 0.635294403125
0 0.7696063515625 0.5472062125 0.7718079078125 0.624412628125 0.7854400859374999 0.6317829140625 0.8092460703125001 0.6345838968749999 0.81890238125 0.622609975 0.8206344812499999 0.6098668125 0.8124753421875001 0.56821645 0.7696063515625 0.5472062125