0 0.5371764484375 0.6237042828125 0.5418499421875 0.6167843296875 0.5471641921875 0.5493985265625 0.5479191125 0.5273485515624999 0.546320575 0.5091197359375 0.54237039375 0.5005098453125 0.54253473125 0.4853031234375 0.5362478921875 0.485486334375 0.5341463484375 0.4785567046875 0.531282321875 0.4758201125 0.51523866875 0.4757851421875 0.5098172812499999 0.47540604062499997 0.5030087890625 0.4814519953125 0.5021865812499999 0.504946675 0.50437386875 0.510534765625 0.5061051671875 0.5200764062500001 0.5062454296875 0.53458001875 0.5019968546875 0.5966052015625001 0.507216390625 0.601318121875 0.507898828125 0.6158593515625 0.5113741234375 0.62298691875 0.5319587421875 0.624788834375 0.5371764484375 0.6237042828125
0 0.47166513906249996 0.475637003125 0.4681955453125 0.48590216562500005 0.463791190625 0.48704359375 0.46230498593749997 0.501433178125 0.46867613124999996 0.5047772187499999 0.46248013437499996 0.6202926234375 0.46820818906249995 0.6257658078125 0.495060971875 0.6272813328125 0.5009533640625 0.61754779375 0.5077290343749999 0.5129432031250001 0.5026422421875 0.49954339843750006 0.5023335390625 0.4886515328125 0.497725503125 0.4883293078125 0.493707815625 0.48116410781249996 0.49277510312499995 0.4778378609375 0.47166513906249996 0.475637003125
0 0.4585308796875 0.614581325 0.4640203625 0.5142350234374999 0.46230407656250005 0.49853429531250004 0.4618664640625 0.48165496562500004 0.46035044999999997 0.48209255781250004 0.4551309265625 0.47737934375 0.45155448125 0.47241882031250004 0.4478941390625 0.4692643375 0.4413884296875 0.4688094140625 0.42968184374999996 0.469077721875 0.4254832234375 0.47748029062499997 0.42199293125 0.47651151875000003 0.41808698906249997 0.60124543125 0.421020340625 0.6083351015625 0.4253444609375 0.6205946640625 0.44992768281249995 0.6241253062500001 0.4585308796875 0.614581325
0 0.40916564062500005 0.46872999843749996 0.4037085578125 0.4632757609375 0.390121553125 0.4630503703125 0.3881568125 0.46436239218750003 0.38412824375 0.4749506734375 0.3796046546875 0.4742721484375 0.3776955234375 0.49044377343749995 0.3746456375 0.5909609609375 0.377801334375 0.604950434375 0.3790241015625 0.613732103125 0.3842436234375 0.6184453171875 0.4097747734375 0.6191434250000001 0.41383881718750004 0.613630265625 0.4168503671875 0.6015211640625 0.4219550015625 0.5152792578125001 0.419591753125 0.49011241875 0.42128164218749997 0.47718648750000003 0.4169950359375 0.4757998265625 0.4125718140625 0.47150479531249995 0.40916564062500005 0.46872999843749996
0 0.373649303125 0.600674365625 0.37994051875 0.46559946874999997 0.37372259375 0.46480246249999996 0.360215825 0.45117608281250005 0.34635763124999996 0.45093172968750006 0.339397746875 0.460228121875 0.3352691375 0.46274754375000005 0.33036413593749997 0.6016333015625001 0.3381428515625 0.6097864984375 0.365537809375 0.611339640625 0.373649303125 0.600674365625
0 0.30417305 0.45015571718749997 0.2957386390625 0.45753738437499997 0.2902157546875 0.4578758921875 0.285627375 0.5680685734375001 0.28825385625 0.57006385 0.2865005484375 0.5960297406249999 0.2892152203125 0.6078145546875 0.319795634375 0.6110398546875 0.3280771671875 0.6025605859375001 0.3345702453125 0.46315157500000004 0.32979195156249996 0.4606433296875 0.32143741718749996 0.45317486718750005 0.31975842499999996 0.448347025 0.3054253578125 0.44662005625 0.30417305 0.45015571718749997
0 0.271885959375 0.61348703125 0.2818612625 0.6036767921874999 0.28889650312500004 0.464305690625 0.28599883125000003 0.46229145000000005 0.2787346171875 0.5248304640625 0.27801129062499996 0.5403605984375 0.2790135609375 0.5480396437499999 0.271885959375 0.61348703125
0 0.6287447359375 0.7485650546875 0.629824665625 0.7486405703125001 0.6505282890624999 0.7461184296875001 0.653157271875 0.736197196875 0.65806485625 0.6773534953125 0.6591353234375 0.648556975 0.6540332140625 0.6301553734375 0.647484603125 0.6253665390625 0.6486612296875001 0.6117348984375 0.64390185 0.60923678125 0.64010331875 0.6035577437499999 0.6268048187499999 0.5982969109375 0.6145715046875 0.5992460453125 0.611990759375 0.6023136906250001 0.6084996546875 0.6074829890625 0.6123652015625 0.6117231734375 0.6114063828125 0.6206783953125 0.61665726875 0.630067840625 0.6202567546875 0.645838321875 0.620197390625 0.6703749265625001 0.6177177421875 0.7236139546875 0.621279690625 0.7285546796875 0.621268784375 0.7462377140625 0.6287447359375 0.7485650546875
0 0.6169500343750001 0.73370203125 0.6204375640625 0.6627539953125 0.6202033625000001 0.6442081843749999 0.6161516046875 0.6290524109375 0.6110192718749999 0.621379259375 0.6104341859375 0.61036709375 0.6060567156250001 0.610060990625 0.604949809375 0.6063266031250001 0.6023495828125001 0.6032189546875 0.5918259625 0.5973631734375 0.578305965625 0.596905303125 0.5759136093749999 0.6011264546875 0.569535709375 0.610371965625 0.5686781140625 0.6111042109375 0.574321159375 0.6117427281250001 0.57288855625 0.6228577171875 0.5758532953125 0.62599085625 0.581798471875 0.6437167265625 0.5821922859375 0.6627615312499999 0.5788040890625 0.723720340625 0.581951540625 0.7268659625 0.5835629015625 0.7394130953125 0.5861756109375 0.7461786046875 0.6088494765625 0.7465448265625 0.6125991171875 0.7446129515625 0.6169500343750001 0.73370203125
0 0.5784803828125 0.6333984218750001 0.5730530828125 0.624646496875 0.5734262234374999 0.6118151671875001 0.5696372968750001 0.611251121875 0.565021309375 0.604349934375 0.5496001781250001 0.602972778125 0.549447478125 0.606251303125 0.5437775031250001 0.6039111203124999 0.5374019296875 0.6239478218750001 0.5419640484375 0.6368254531249999 0.5393221546875 0.7224576296875 0.545153671875 0.7273507125 0.5445845281249999 0.73957043125 0.547929240625 0.7496719265625 0.55726898125 0.7515208328125 0.559211303125 0.7483677421875 0.566229165625 0.7470641812500001 0.5749950078125 0.7467801484375001 0.578711434375 0.7392658109375 0.582358996875 0.6513114625 0.5784803828125 0.6333984218750001
0 0.5073949546875001 0.610487015625 0.5030321421874999 0.6077897359375 0.50151659375 0.6222606296875 0.49853924687499995 0.7187088078125 0.5037413625 0.722660584375 0.502879046875 0.7363550015625 0.5082077359375 0.742409025 0.5306328296875 0.7427810390625 0.5355386859375 0.7386387859375 0.5391146390625 0.7293206234375 0.5420097234375 0.6478920640625 0.5408153421875 0.630166721875 0.538505909375 0.6219319171875 0.5305515984375 0.624066703125 0.5135643859375 0.6225797453124999 0.508083203125 0.6198045546875 0.5073949546875001 0.610487015625
0 0.499905221875 0.6640848515625 0.49977058437500005 0.638061203125 0.4970295671875 0.624637871875 0.49196588906249994 0.6273487390625 0.46687021562500003 0.6264911718749999 0.46432006562500006 0.6089698296875 0.45923044687500003 0.6074178296875 0.4566064703125 0.62039115625 0.458891453125 0.638790665625 0.4571410578125 0.7149169640624999 0.46111375781249997 0.7211749703125 0.4609102734375 0.739998665625 0.46514815781249996 0.7453782140625 0.492801684375 0.7443218328125 0.4970209375 0.7356465578125 0.499905221875 0.6640848515625
0 0.4241003140625 0.7437039703125 0.44901385937500005 0.743652090625 0.453797190625 0.738705328125 0.4568801515625 0.728952240625 0.45907618906250003 0.6480729953125001 0.458189071875 0.628575134375 0.45740200625 0.6165593859375 0.4513222625 0.621815653125 0.4270936625 0.6216163296875 0.42369484843749994 0.6174915546874999 0.4219576421875 0.606605759375 0.41686824375000003 0.605053771875 0.413460521875 0.6155798 0.41595371718749996 0.6295088578125 0.413968996875 0.7154860859375 0.41928215468749996 0.7170537203125 0.41815299687499996 0.726842371875 0.41966644375 0.7377125203125 0.4241003140625 0.7437039703125
0 0.370237165625 0.7148202609375 0.3748653796875 0.7166390953125 0.37431012343750003 0.7285606875 0.37599060781250004 0.7370506078125 0.40758859843749995 0.74165235625 0.4126749125 0.733635615625 0.41331346875 0.7199255515625 0.41535041406250006 0.6231873625000001 0.41305464687500004 0.614654415625 0.4085824234375 0.619126090625 0.385038765625 0.6186755640625 0.3793752453125 0.614990621875 0.3778740390625 0.5990378296875 0.3737349875 0.596356196875 0.3689016296875 0.60857683125 0.37180544531250004 0.637784225 0.370237165625 0.7148202609375
0 0.36472306250000003 0.6110904109375 0.340828559375 0.6100749796875 0.3332918859375 0.6057876578125 0.328971896875 0.605784671875 0.3289766421875 0.620137625 0.3266980640625 0.62087529375 0.32459314375 0.7238880359375 0.32969829375000004 0.729926428125 0.3305284421875 0.745832296875 0.3367378578125 0.7522467125000001 0.361008115625 0.7515516515625 0.362683390625 0.7444924875 0.3704959484375 0.7371236921875 0.37239435468750004 0.640030046875 0.3703550765625 0.6204419328124999 0.37067726875 0.6064813859375 0.36472306250000003 0.6110904109375
0 0.282369109375 0.591566965625 0.2828761328125 0.6035646 0.2797831234375 0.7104614 0.28419877968749996 0.7177615625 0.28775871249999996 0.73286768125 0.29121266874999996 0.7361679953125 0.3160056234375 0.73549833125 0.3220927609375 0.7315543296875 0.3248882328125 0.7208255203125 0.3288427296875 0.6007156218749999 0.325318846875 0.602435803125 0.3203973484375 0.609520103125 0.2951749125 0.608848865625 0.28987225625 0.6065117671875 0.286650521875 0.5947064656250001 0.282369109375 0.591566965625
0 0.273886896875 0.6126040265625 0.2715580109375 0.6133149890625 0.2569386609375 0.7335529421875 0.25694989375 0.736830896875 0.27427009375 0.7355294984375 0.2793800609375 0.7270380249999999 0.2803300421875 0.6960795125 0.28170769687499997 0.59960459375 0.279524275 0.6077544671874999 0.273886896875 0.6126040265625
0 0.634807290625 0.781801478125 0.638802975 0.7772782828125 0.644809209375 0.7760172812499999 0.6473860078125 0.7593883671875 0.6456239109374999 0.7527216703125 0.6405780109375 0.746905803125 0.634875275 0.7493888234375 0.5667231953125 0.7460637703125 0.5622891953125 0.7483951171875 0.557439984375 0.7518982249999999 0.5550093687500001 0.7692576640625 0.5549254296874999 0.786541096875 0.5599803203125 0.794098471875 0.6180053531249999 0.7981559765624999 0.6312642375 0.7959615265625 0.6307226375 0.7882395515625 0.635045378125 0.788301725 0.634807290625 0.781801478125
0 0.4576626234375 0.7562073109375 0.4567859328125 0.786642315625 0.46059314375 0.7900301437499999 0.5418139765625 0.7933083578125 0.5546204484375 0.7814770703125 0.5576753515624999 0.750713884375 0.54833389375 0.7500606671875001 0.5438513109375 0.7418230109375 0.5443083750000001 0.7320096703125001 0.539188075 0.729730525 0.5327927 0.74321091875 0.5324446015625 0.742946475 0.46456962500000004 0.7452840453125 0.4576626234375 0.7562073109375
0 0.36211276406250004 0.74424271875 0.360981171875 0.751127390625 0.3608319296875 0.7582008046875 0.35955360937499997 0.77984316875 0.36427132812499996 0.7868967640625 0.3726477953125 0.7889231078125001 0.43572645625 0.7966959953125 0.45205051718749995 0.7944754875 0.45650554843749996 0.78782350625 0.45777515781250006 0.75669538125 0.46174707968749995 0.748808528125 0.460745903125 0.7432156171875001 0.4544807546875 0.7422973125000001 0.44491633906250005 0.7464311046875001 0.37057589062499996 0.7366702140625 0.36211276406250004 0.74424271875
0 0.2433235703125 0.788164525 0.27288095625 0.79107173125 0.290652296875 0.78583111875 0.3385132859375 0.779812784375 0.35976813124999996 0.7839404703125 0.3614415703125 0.7518801796875 0.3361355265625 0.7534723109375 0.3311031390625 0.7463967140625 0.3300883015625 0.7333588453125001 0.32373271875 0.73051311875 0.31627940312499997 0.735754934375 0.2564263625 0.7380532015625 0.240340559375 0.781592384375 0.2433235703125 0.788164525