0 0.5901045500000001 0.6497331015625 0.5908738484375 0.653446459375 0.730852821875 0.6628580937499999 0.732006625 0.655867478125 0.7293148046875 0.6450360171875 0.7166241359375001 0.6413700078125 0.612793490625 0.6479663859375 0.5901045500000001 0.6497331015625
0 0.5897200453125 0.6072344359375 0.5897200453125 0.6136591765625 0.5797214859375 0.6167820109375 0.5751068546875 0.6245314234375 0.5766451609375001 0.6374445328125 0.5870282265625 0.6432528875 0.5916428578125 0.6447435265625 0.592411865625 0.64845711875 0.725084678125 0.6377501375 0.7304683187500001 0.6325592578125 0.729699309375 0.6066121015625 0.7220080640625001 0.6015288078125 0.7150861171875 0.60131415 0.62932949375 0.605230825 0.5897200453125 0.6072344359375
0 0.626708525 0.3778121734375 0.6286808749999999 0.3663547828125 0.6050129609375 0.342912640625 0.5852073734375 0.358204715625 0.5849608296875 0.36963329375 0.5879193546875 0.37614260312500003 0.59778081875 0.383771115625 0.6010682609375 0.37989640625 0.626708525 0.3778121734375
0 0.5967946421875 0.38555052500000003 0.5879193546875 0.3956417390625 0.590220334375 0.40959035312500003 0.5963015546875 0.41519552656250003 0.6148744234375 0.40731083124999995 0.6645115203125 0.4047094609375 0.6306532265625 0.3746435015625 0.6020544359375 0.37984472343750003 0.5967946421875 0.38555052500000003
0 0.5774000578125 0.44765626718749996 0.5833171078125 0.45178907500000004 0.5905489625 0.4514100703125 0.5905489625 0.45313779531250004 0.60567021875 0.45160483906250004 0.6145457953125 0.4489182359375 0.637227534375 0.4445208421875 0.7207229265625 0.441626003125 0.661881625 0.4047240171875 0.6109297234375 0.40961574843750004 0.5812626734374999 0.426165125 0.57477045 0.43495908906249997 0.5774000578125 0.44765626718749996
0 0.5954798390625 0.49015013906249993 0.610272465625 0.489374890625 0.6129020734374999 0.4843006609375 0.7263113484375 0.4761356796875 0.7243389984374999 0.445385671875 0.7200653796875 0.4414137078125 0.616189228125 0.448091621875 0.5964660140625 0.4515936984375 0.589234159375 0.4578963640625 0.579701325 0.48085724687500003 0.5849608296875 0.48379030156249997 0.5935074890625 0.489513021875 0.595151209375 0.48473721562499994 0.5954798390625 0.49015013906249993
0 0.6002462562499999 0.5747467953125 0.592192684375 0.5818948609375 0.59383640625 0.5963714328124999 0.6059991359375 0.6046196078125 0.736501728125 0.595065290625 0.7437335828125 0.5912306203125001 0.7450483875 0.5840038421875 0.744390840625 0.5677478609375 0.7388027078125 0.565325540625 0.7295985015625 0.56087149375 0.7263113484375 0.5585753421875 0.626708525 0.5660167578124999 0.615203340625 0.568841171875 0.6069850234375 0.572974296875 0.6002462562499999 0.5747467953125
0 0.7092177421875 0.520040815625 0.6010682609375 0.5269429015625 0.5866042625000001 0.5279476843750001 0.5859470046874999 0.5331036703125 0.574112903125 0.5448927703125 0.5754277078125 0.5569183703125 0.5787151500000001 0.5604485046875001 0.5885766125 0.5658555640625 0.5964660140625 0.5679103078125001 0.6115872703125 0.5671178359375 0.6806189515625001 0.561278584375 0.693438940625 0.55715126875 0.717435771875 0.554659434375 0.7236814515625001 0.551370175 0.72401008125 0.5296323640625 0.718421946875 0.522026653125 0.7092177421875 0.520040815625
0 0.5958084671874999 0.493958825 0.590220334375 0.5004223171875 0.5824953921875 0.50588706875 0.5849608296875 0.5199503359375 0.5872618093749999 0.520076503125 0.594165034375 0.5263790796875 0.60271169375 0.52593116875 0.7036293203125 0.520148571875 0.7210515546875 0.5142990921874999 0.7302560484375 0.5120887625 0.731570853125 0.5014065359375001 0.72992713125 0.4854489953125 0.7226952765625 0.4796571515625 0.611258640625 0.4867315125 0.5971235593750001 0.4904342375 0.5958084671874999 0.493958825
0 0.76411434375 0.5685654062500001 0.743404665625 0.5694037828125 0.7437335828125 0.590860378125 0.73091330625 0.59646889375 0.7332142859374999 0.6595355890625 0.7826869234375 0.665705165625 0.7808790328125 0.5973057515625 0.7752908984375 0.5924154374999999 0.7667439515625001 0.5899014265625 0.76411434375 0.5685654062500001
0 0.7331322 0.48318284062499994 0.72992713125 0.5606691515625 0.7430760375000001 0.5668911609375 0.7667439515625001 0.567625259375 0.7772632484375 0.554732703125 0.7798928578125001 0.5417599 0.774633353125 0.50056884375 0.7331322 0.48318284062499994