0 0.577685390625 0.43329938749999997 0.5705 0.42898317343750003 0.50331635625 0.42682495625000005 0.48140075624999995 0.42709484218749993 0.46343713593749997 0.4295227265625 0.4551740390625 0.4338389421875 0.4400846921875 0.43437849687499996 0.44070224687500004 0.4406063359375 0.43397700781250004 0.44301114531249997 0.431462165625 0.445978584375 0.432539871875 0.4618948859375 0.432539871875 0.46729020937500004 0.43900669375 0.4737646421875 0.4623594296875 0.4734947546875 0.4677485453125 0.4710668703125 0.47708934843749995 0.468908653125 0.49146041875 0.46809943125000003 0.553254946875 0.46944820781249996 0.557566065625 0.46405288437500003 0.5719368453125 0.4627041078125 0.578763096875 0.45892744687500003 0.5791225265625 0.43842504375 0.577685390625 0.43329938749999997
0 0.43541414375 0.5051249999999999 0.44583294531249995 0.5080924390625 0.44727008125 0.512408653125 0.4616408609375 0.51321809375 0.46451484218749994 0.5067436625 0.5794816640625 0.507552884375 0.58451135 0.50161800625 0.5841522125 0.47491105781250004 0.57409255 0.469515734375 0.46990395781250005 0.467627403125 0.4569703140625 0.4732923953125 0.44619208437499996 0.47410183593750005 0.44619208437499996 0.47868771875 0.43936612343750003 0.4830041515625 0.43613271249999996 0.48408304218750003 0.43541414375 0.5051249999999999
0 0.57409255 0.511734265625 0.4742153671875 0.51092504375 0.4587665890625 0.513352928125 0.4420605359375 0.5145668703124999 0.44259953437500005 0.51605048125 0.438288125 0.5214458046875 0.43361757812499996 0.5252226828125 0.430743596875 0.52899934375 0.430743596875 0.5354737765625 0.431821303125 0.5470738640625 0.4404438296875 0.550850525 0.4397252625 0.5543575171875 0.5636737484375 0.5524691875000001 0.5705 0.5492318625 0.5823559375 0.5443760921874999 0.5841522125 0.519827359375 0.57409255 0.511734265625
0 0.4328990109375 0.5674412156249999 0.42786932499999997 0.573106425 0.4285878921875 0.5865946234375 0.4300250296875 0.5884829546875 0.44080296875 0.591989946875 0.4404438296875 0.5965085234374999 0.456610884375 0.5976551578125 0.5564883578125001 0.5960364953124999 0.5701405703125 0.592259834375 0.578763096875 0.590641171875 0.5830745046875 0.5852458484375 0.5819965078125 0.5598876749999999 0.5762482531249999 0.5561110140625 0.5640328875 0.5536831296875 0.47816734531250005 0.5526040203125 0.4533774734375 0.5561110140625 0.4404438296875 0.55503190625 0.43936612343750003 0.5593481203125 0.43541414375 0.5639342218750001 0.4328990109375 0.5674412156249999
0 0.566188590625 0.5965760484375 0.431821303125 0.5965760484375 0.431462165625 0.6027808125 0.418887659375 0.6168085671875 0.419606228125 0.6305666515625 0.42930646093749997 0.6370410843750001 0.43209080312500003 0.6410201046874999 0.5701405703125 0.6394689687499999 0.577685390625 0.6313760921875 0.5773259609375 0.6041295890625 0.566188590625 0.5965760484375
0 0.4217616421875 0.6724479890625 0.4296656 0.6804735578125001 0.43038416718750006 0.6859364078125 0.539961875 0.685396853125 0.5417581484375 0.6826993 0.567625728125 0.6832388546875 0.5791225265625 0.6800015296875 0.5802002328125 0.6495179203125 0.57121856875 0.6416947109375 0.432539871875 0.6416947109375 0.43038416718750006 0.64655048125 0.4235582078125 0.6551829109375 0.418887659375 0.657071459375 0.4181690921875 0.6713690999999999 0.4217616421875 0.6724479890625
0 0.5859484859374999 0.6969294140625 0.5755296859375 0.68748754375 0.4368509890625 0.6869479890625 0.4350547140625 0.6899154281250001 0.4975678109375 0.6942318625 0.5130165890625 0.6942318625 0.5205611171875 0.6928828671875 0.5859484859374999 0.6969294140625
0 0.6951399890625 0.33669842656250004 0.6951399890625 0.3356236890625 0.691203725 0.31520301562499997 0.6811842265625 0.313053540625 0.6224985453125 0.3109040640625 0.593871653125 0.311172640625 0.575979628125 0.317083915625 0.571685390625 0.32380113593750004 0.5580876015625 0.3232637671875 0.555940628125 0.32810030625 0.55057305 0.33213068125 0.5462788125 0.345565340625 0.548068103125 0.35765646875 0.5512887078125 0.3600747375 0.5566562859374999 0.36329895156249997 0.56059255 0.359268575 0.5695384171875 0.35980594374999997 0.578484284375 0.3541634609375 0.593871653125 0.34986429218750004 0.6182045984375 0.3487895546875 0.6711647265625 0.3487895546875 0.675816646875 0.345027971875 0.6933506984375 0.344221809375 0.6951399890625 0.33669842656250004
0 0.6812206046875 0.34908500937500003 0.6106315484375 0.348903409375 0.592259021875 0.34999257031250003 0.5775125140624999 0.35471197499999996 0.5702601859375 0.3601575609375 0.5593818390624999 0.361246721875 0.5593818390624999 0.365603146875 0.5557558203124999 0.3668736890625 0.5528547734375 0.369596590625 0.5477782312499999 0.3803061625 0.5482616421875 0.3937386359375 0.552612921875 0.39591673906249997 0.5622223515625 0.401816215625 0.5630078578125 0.4026330859375 0.563249709375 0.3970059 0.5743699062500001 0.3979134609375 0.5772709546875 0.39482779687499997 0.5944345171875 0.38811145156250004 0.6132907453125 0.386840909375 0.6739682765625 0.38738548906250003 0.676869034375 0.38411800625 0.6891981953124999 0.38193990312500004 0.6957252625 0.3790356203125 0.6945162984375 0.3565270984375 0.692340803125 0.35289685312499997 0.6812206046875 0.34908500937500003
0 0.58443364375 0.3918795890625 0.5761321296874999 0.3976676140625 0.5633835859375 0.397890296875 0.5630870203125 0.401674825 0.55656431875 0.406572553125 0.55626804375 0.4219333484375 0.5595293953125 0.4219333484375 0.557602153125 0.42766586562500003 0.5779112343749999 0.43306446718749997 0.5903635046875 0.42794405625 0.675453725 0.4266083921875 0.6799010484375 0.42059768281250004 0.6920567515625 0.42059768281250004 0.701840803125 0.41681315625000004 0.703026484375 0.40746306875 0.699765425 0.4056820359375 0.697986321875 0.39878081249999997 0.697096915625 0.39009855781249997 0.6893885328125 0.386759178125 0.6019260765625 0.38720454531250004 0.58443364375 0.3918795890625
0 0.5666449359375 0.4634521421875 0.5642729921875 0.4679045015625 0.5787264265625 0.46873929218750005 0.67456431875 0.46723667031250005 0.67812194375 0.46189379375 0.6917601859375 0.4621164765625 0.69739348125 0.4565509171875 0.696207509375 0.43428889843749996 0.6917601859375 0.4296138546875 0.6822729921875 0.42649715937500005 0.6013332359375 0.42738745624999996 0.583840803125 0.42939117187500003 0.57583585625 0.43206249999999996 0.578504075 0.4398542390625 0.578207509375 0.4567736015625 0.57583585625 0.46233894218750005 0.5666449359375 0.4634521421875
0 0.6203082078125 0.46840537656250003 0.5945142609375 0.469741259375 0.5813946453125001 0.4730804203125 0.58443364375 0.47797814687500007 0.585323340625 0.5029117140625 0.5681271828125001 0.5062508734375 0.5669412109375 0.511371284375 0.5799866125 0.51337478125 0.5980718859375 0.5102580859375 0.6736749125 0.5084772734375 0.67960448125 0.504247378125 0.6982828875 0.5035795453125 0.7033230500000001 0.4991271859375 0.700358265625 0.47174475468750005 0.6914639109375 0.4679602265625 0.6203082078125 0.46840537656250003
0 0.7045090218750001 0.539922421875 0.7027302093750001 0.5152115390625001 0.697493684375 0.51069520625 0.6876094296875 0.50808763125 0.60726280625 0.5096459796875 0.587991559375 0.5114267921875 0.5761321296874999 0.5127626750000001 0.5817654250000001 0.5185507 0.5832476718749999 0.54259375 0.57939348125 0.5461558125 0.5687203140625 0.54838199375 0.5675343421875 0.5535021859375 0.578207509375 0.556396196875 0.5918457515625 0.5532795015625 0.6772325375 0.5512760046875 0.6784185093749999 0.5459331296875 0.6882025609375 0.5466009609375 0.698875728125 0.544597465625 0.7045090218750001 0.539922421875
0 0.67960448125 0.5946870625 0.6810870203125 0.59001201875 0.6929461578125 0.59001201875 0.701247671875 0.587952796875 0.703619615625 0.556396196875 0.695318103125 0.551721153125 0.6816798609375 0.551721153125 0.585619615625 0.5541700171875 0.577318103125 0.5568415640625 0.582061990625 0.561071240625 0.5832476718749999 0.584446459375 0.5799866125 0.5902347031249999 0.5642729921875 0.5924608828125 0.5619010484375 0.596690559375 0.5743533171874999 0.6009204546875 0.6031120484375 0.596690559375 0.67960448125 0.5946870625
0 0.5771353312499999 0.6049493 0.577785215625 0.6286986453125001 0.5740567515625 0.6363728140625 0.5743533171874999 0.6406582171874999 0.5885844 0.639990384375 0.58947380625 0.6422165640624999 0.6917601859375 0.6395452359375 0.69739348125 0.6342021421874999 0.7131071015625 0.63264379375 0.7190366703125 0.6261879375 0.7166647265625 0.6021448859375 0.7095491843749999 0.600809221875 0.70170110625 0.5933999125 0.6052980203125 0.5960026218750001 0.586017171875 0.59893050625 0.572152503125 0.5992559 0.5771353312499999 0.6049493
0 0.56348719375 0.68754326875 0.5753480796875 0.6864860140625 0.6815541328125 0.684615384375 0.6884863218749999 0.6798979453125 0.7032176953125 0.67566870625 0.7062505828125001 0.672090034375 0.703867578125 0.6475273171875 0.699534925 0.6416713281249999 0.68870314375 0.6393940125 0.569336146875 0.6410205421875 0.5712860890625 0.6444366265625 0.5786516296875 0.648991259375 0.579734865625 0.6740419578125 0.577785215625 0.679409965625 0.5663032593749999 0.6831512234375 0.56348719375 0.68754326875
0 0.5849342265625 0.6949853578125 0.585800640625 0.6972626749999999 0.7060340515625 0.706209353125 0.70928346875 0.706046765625 0.7067922 0.6889259171875 0.6980183359375001 0.68424934375 0.6672561124999999 0.6847373250000001 0.5715026187500001 0.687828015625 0.579734865625 0.6896173515624999 0.5849342265625 0.6949853578125
0 0.727674621875 0.3291490390625 0.7229126890625001 0.32539445 0.7212459250000001 0.3194947546875 0.7045791625 0.31770695 0.69809109375 0.31976289375 0.69267433125 0.32503693125 0.6955317234375 0.3305791078125 0.696960128125 0.398336975 0.6995791625 0.40262762187499995 0.7033888234375001 0.40727600468749997 0.720769790625 0.408885053125 0.7379126890625 0.4081697984375 0.7450555875 0.40280638125 0.7450555875 0.34506031406250004 0.74196041875 0.33200939687500003 0.7343413859375 0.33290340937499996 0.7341033171875 0.32861254375 0.727674621875 0.3291490390625
0 0.714579453125 0.5060522296875 0.7448175203125 0.5055157343750001 0.7479126890625001 0.5015826046875 0.7455317234375001 0.4208632 0.7329126890625 0.40870629375 0.7021981953124999 0.407097246875 0.7021981953124999 0.41639379375 0.6943410937500001 0.4212209359375 0.6845791625000001 0.4212209359375 0.68267433125 0.42640537656250005 0.69648399375 0.4321265296875 0.696245925 0.43248404687499997 0.7032697906250001 0.4997054203125 0.714579453125 0.5060522296875
0 0.70934109375 0.6013868 0.7162459250000001 0.602191215625 0.7232697906250001 0.60201245625 0.7448175203125 0.60228059375 0.751484284375 0.5972749125 0.7529126890625 0.5888721593749999 0.7562462171875 0.5259414328124999 0.7529126890625 0.5098511796875 0.7460081484375001 0.5057392921874999 0.7150555875 0.50591805 0.706960128125 0.5023424390625 0.7014839937499999 0.50359396875 0.7010078578125001 0.5098511796875 0.705769790625 0.5191477265625 0.701245925 0.5933415640625 0.70934109375 0.6013868
0 0.7611271828125 0.7171918703125 0.76196041875 0.6877377625000001 0.7555320140624999 0.6703513984375 0.7462462171875 0.623153190625 0.7488652499999999 0.6018784968750001 0.71696041875 0.6016997374999999 0.7202936546875 0.626728803125 0.7136268921875 0.632047640625 0.700769790625 0.6336566875 0.6983888234375 0.6400926578125 0.7041030265625 0.64724388125 0.7105317234374999 0.706509615625 0.7548175203125 0.7204545453125 0.7611271828125 0.7171918703125