0 0.6860507 0.4048768921875 0.68984375 0.40409953437499996 0.7067670453125 0.2626539578125 0.6997642046875 0.2614880671875 0.6886765734375 0.264208090625 0.68430004375 0.27703172343750004 0.6854670015625 0.3819502328125 0.6860507 0.4048768921875
0 0.6430858828125 0.40526542499999996 0.6495780156250001 0.40526542499999996 0.6522041078124999 0.41536874218750003 0.659790428125 0.42003172343750006 0.6729204546875 0.4184772984375 0.6793395984374999 0.40798544843749995 0.681090253125 0.40332246875 0.6848835234374999 0.40254540156249996 0.681090253125 0.2684825375 0.6761300265625 0.263042490625 0.6498699734375 0.2638195578125 0.6443260484375 0.2715913859375 0.6437425703125 0.27858585625 0.643158871875 0.365240978125 0.6430858828125 0.40526542499999996
0 0.413215909375 0.36788940625 0.4017427890625 0.365896390625 0.3768013546875 0.38981228125 0.3912049828125 0.40982537812500003 0.40274038437500004 0.41007450468749995 0.40947465000000005 0.40708498281249994 0.4177054203125 0.3971201984375 0.41396416093750005 0.3937983125 0.413215909375 0.36788940625
0 0.4194512671875 0.39811670625 0.429178321875 0.40708498281249994 0.44339510468750004 0.4047598953125 0.44938111875000003 0.398614959375 0.44239729062500005 0.37984749687499997 0.44239729062500005 0.3296903375 0.4102229015625 0.3639033765625 0.41396416093750005 0.39280180468750003 0.4194512671875 0.39811670625
0 0.48118138125 0.41771449374999997 0.4856708921875 0.41173544843750004 0.4856708921875 0.40442782343749994 0.4874167390625 0.40442782343749994 0.48666848749999997 0.3891481375 0.48442373281249995 0.38017956875 0.48118138125 0.35726018593750003 0.482677884375 0.2728899890625 0.44227272656250005 0.3323477875 0.44451748281250003 0.383833528125 0.4596693625 0.41381140937499994 0.46821175625 0.420371653125 0.48118138125 0.41771449374999997
0 0.525078453125 0.3994452859375 0.525078453125 0.384497671875 0.520090253125 0.3818405125 0.5178454984374999 0.26724301562499997 0.48666848749999997 0.2692360296875 0.48242854062499996 0.27355442343749997 0.48367548125 0.37851891718749997 0.48616979843749997 0.398448778125 0.49215559375 0.405756403125 0.5148524906249999 0.415389115625 0.5180948421875 0.41007450468749995 0.5243302015625 0.40143829999999997 0.519591346875 0.3997773578125 0.525078453125 0.3994452859375
0 0.610814903125 0.39462892968749996 0.6176114515625 0.4027668796875 0.6323269234375 0.4011059375 0.6413057249999999 0.3888157734375 0.63856228125 0.2569458671875 0.6350703671875 0.2496382421875 0.6278374125 0.2483096625 0.6113760921875 0.2489740984375 0.6086324296875001 0.2546207796875 0.60364423125 0.2639214203125 0.6011499125 0.26724301562499997 0.6033946671875 0.36788940625 0.6056394234375 0.379515134375 0.60938068125 0.3878195578125 0.610814903125 0.39462892968749996
0 0.56130594375 0.284515715625 0.5625531031250001 0.3937983125 0.5628024468749999 0.408413853125 0.567977709375 0.4090779984375 0.5792637671875001 0.4210360890625 0.591485140625 0.41970750937499995 0.5952263984374999 0.4163856234375 0.6012124125 0.40642083749999997 0.6037065125 0.398448778125 0.6037065125 0.3831690921875 0.60146175625 0.31341414375 0.5979700609374999 0.3004598375 0.5967229015625 0.27621158281249997 0.5937298953125 0.26990046562500003 0.57178146875 0.26956839375 0.5638000437499999 0.27521507500000003 0.56130594375 0.284515715625
0 0.52894449375 0.3991132125 0.5351798515625 0.4047598953125 0.5402928328125001 0.4125657734375 0.5546341781249999 0.41007450468749995 0.5548835234375 0.4077494171875 0.5616177890625 0.400773865625 0.5616177890625 0.392137659375 0.56111888125 0.2901626890625 0.55613068125 0.272557915625 0.554384615625 0.263256984375 0.5436599656250001 0.2619284046875 0.5274479890625 0.2635893484375 0.5212124124999999 0.2708969734375 0.522459571875 0.3835011640625 0.525452578125 0.3977843421875 0.52894449375 0.3991132125
0 0.613246721875 0.229043946875 0.612997159375 0.24997060468750001 0.6346962406250001 0.2496382421875 0.6396846593750001 0.262592840625 0.7035347468750001 0.260267753125 0.7123889859375 0.210276775 0.6431763546875 0.212103609375 0.6379388109375 0.217750290625 0.6349458046875001 0.2263867875 0.613246721875 0.229043946875
0 0.525327796875 0.2603506984375 0.6034571671875 0.2635893484375 0.610440778125 0.250302678125 0.6124359703125 0.2263867875 0.5999652531249999 0.2157572765625 0.5869956296875001 0.2131001171875 0.54509396875 0.2184147265625 0.525327796875 0.2603506984375