0 0.5563714953125001 0.435289359375 0.5494844624999999 0.43101795000000004 0.48310935625000007 0.4288821359375 0.4614069953125 0.42914922187500004 0.443503715625 0.431551903125 0.435102440625 0.4358233125 0.420141565625 0.43635726718749995 0.42042971875 0.44252045625 0.41364948906250004 0.444900303125 0.41100681874999995 0.4478369375 0.411247871875 0.46358801875 0.41096805 0.4689273359375 0.4170320328125 0.47533455937499997 0.440156628125 0.4750674734375 0.445615784375 0.4726647921875 0.45497166875 0.4705289796875 0.46923570156250005 0.4697281578125 0.53031955 0.4710629328125 0.5348657890624999 0.465723615625 0.5491575156249999 0.464388840625 0.5561088609375 0.46065138437500003 0.55752789375 0.44036180781249995 0.5563714953125001 0.435289359375
0 0.41185026718750006 0.5063693765624999 0.4220071359375 0.5093060125 0.42320551562500003 0.513577421875 0.43738530937500003 0.5143784609375001 0.4405652796875 0.5079712375 0.5542980796875 0.508772059375 0.5595834187500001 0.5028987890625001 0.560613128125 0.47646907499999996 0.5509375921874999 0.47112975781250005 0.4479272328125 0.46926102968750005 0.43483388593749994 0.4748672140625 0.4241254296875 0.475668253125 0.42388758906249996 0.48020653125 0.4169085375 0.4844781578125 0.4136526984375 0.48554584843750004 0.41185026718750006 0.5063693765624999
0 0.5487479796875 0.512910034375 0.449948359375 0.5121092125 0.43453384687499996 0.5145118937500001 0.41793805156249997 0.5157132359375 0.4183945171875 0.5171814453125 0.4138479890625 0.5225207609375 0.4090299875 0.5262584343750001 0.40598993281249995 0.529995890625 0.4056541453125 0.5364031140625001 0.406119053125 0.5478827859375001 0.414456303125 0.5516202421874999 0.4135633 0.5550908296875 0.5363245421875 0.5532221015625 0.5432479140625001 0.5500183828125 0.5552327609375001 0.54521301875 0.5582836 0.5209191171875001 0.5487479796875 0.512910034375
0 0.406129259375 0.5680387109375 0.400857903125 0.5736451125 0.4008694734375 0.5869932953125 0.40219377187500005 0.588862025 0.412678071875 0.5923326125 0.4120883078125 0.5968042812500001 0.4280282625 0.5979390140625 0.526954090625 0.5963371546875 0.5406606203125001 0.592599696875 0.5492776921875 0.5909978375 0.55382421875 0.5856585203125 0.55407256875 0.56056358125 0.5485797890625 0.556826125 0.5366169968750001 0.5544234421875001 0.451697734375 0.5533555359375 0.42698301406250005 0.556826125 0.414239440625 0.5557582187500001 0.412949053125 0.560029628125 0.40880020000000006 0.5645681234375 0.406129259375 0.5680387109375
0 0.5365257625 0.5968711078125 0.403551684375 0.5968711078125 0.40287446562499996 0.6030114625 0.3897028109375 0.6168935984374999 0.38970038125 0.6305088671875 0.3989642484375 0.636916090625 0.401513353125 0.64085380625 0.538212178125 0.639318771875 0.54609849375 0.6313099046875 0.547155896875 0.6043462374999999 0.5365257625 0.5968711078125
0 0.38966132343750004 0.67195545 0.397067090625 0.6798977078124999 0.397494884375 0.68530385 0.5059644 0.684769896875 0.50788195625 0.6821003453125 0.5334533375 0.6826342999999999 0.5449988296875 0.6794305796875 0.5476463578125 0.6492634078124999 0.5391635609375001 0.641521409375 0.401922778125 0.641521409375 0.3995375859375 0.6463267734375 0.39233469374999996 0.65486959375 0.3876146265625 0.6567385375 0.3861619796875 0.670887759375 0.38966132343750004 0.67195545
0 0.5508760703125 0.6961827421875 0.541054990625 0.686838884375 0.403842190625 0.68630493125 0.4019106375 0.6892415656249999 0.46355169218750003 0.6935131921875 0.4788402859375 0.6935131921875 0.48637655156250004 0.6921782000000001 0.5508760703125 0.6961827421875
0 0.677618334375 0.33969117656250003 0.677674075 0.33862759531250003 0.6748377171875 0.31841890156249997 0.6650335875 0.3162917390625 0.607067878125 0.31416457656249996 0.5787238796875 0.3144303640625 0.5607107890624999 0.3202802765625 0.5561126984375 0.32692776874999996 0.54268376875 0.326395978125 0.5403082171875 0.33118230937500004 0.5347872625 0.3351708484375 0.5298407796875 0.348466046875 0.530984425 0.3604316609375 0.534046215625 0.3628248265625 0.5391909218750001 0.3660155703125 0.5432954 0.36202703281250004 0.552120640625 0.3625588234375 0.5612663921875 0.3569749140625 0.5767171859375 0.352720371875 0.6008535703125 0.351656790625 0.6532645734375 0.351656790625 0.65806335 0.34793425624999996 0.67545740625 0.3471364625 0.677618334375 0.33969117656250003
0 0.6632008625 0.35194917812500004 0.5933531375000001 0.3517694640625 0.5751146234375 0.35284731874999997 0.56027625 0.3575177328125 0.552816690625 0.362906790625 0.54199465 0.3639846453125 0.541768709375 0.36829584843749996 0.5381143921875 0.3695532 0.5351022046875 0.3722478375 0.529522859375 0.3828462375 0.5293046 0.3961392734375 0.5334978 0.3982947671875 0.5427016234375001 0.40413300156250004 0.54343661875 0.40494139218749997 0.543967809375 0.399372621875 0.5549256359375 0.4002707609375 0.5579566390624999 0.397217128125 0.575290571875 0.3905705015625 0.59401718125 0.3893131484375 0.654037325 0.3898520765625 0.6570774687500001 0.3866185125 0.6693917578125 0.38446301875 0.6760017734375 0.381588884375 0.675972721875 0.3593140140625 0.6740080625 0.35572145312500003 0.6632008625 0.35194917812500004
0 0.5651979640625 0.394299525 0.5566823375000001 0.400027465625 0.5440544296875001 0.4002478375 0.543564659375 0.4039930796875 0.5368555749999999 0.408839965625 0.5357657046875001 0.42404130625 0.5389932390625 0.42404130625 0.5367886703125 0.4297143171875 0.55660718125 0.4350568765625 0.5691959015625 0.42998961874999997 0.6534731234375 0.42866782031249995 0.658186071875 0.42271950625 0.6702157375 0.42271950625 0.6800946203125 0.4189742640625 0.6817529390625 0.4097212375 0.6786180625 0.40795869375000005 0.6772153296875 0.40112910937499996 0.6767854390625 0.39253698125 0.6693301765624999 0.38923226718750004 0.582751490625 0.3896730109375 0.5651979640625 0.394299525
0 0.5438816796875 0.465129109375 0.5413034140625 0.46953525156250003 0.555563690625 0.47036137499999997 0.650485803125 0.4688743515625 0.6542836421875 0.4635869375 0.6677689265625 0.46380730937500003 0.6736324609375 0.458299525 0.673613378125 0.4362685984375 0.669454634375 0.43164208437499996 0.660227453125 0.4285577421875 0.580080759375 0.429438796875 0.56266578125 0.4314217125 0.5546052875 0.4340653109375 0.55684173125 0.44177616718749996 0.5556707390625 0.45851989687500005 0.5530350375 0.46402746562499997 0.5438816796875 0.465129109375
0 0.5967316421875 0.470030925 0.5711358609375 0.471352940625 0.557979096875 0.47465743906249996 0.5607325703125 0.479504325 0.5603198953125 0.504179065625 0.54312885625 0.5074835640625001 0.5416896171875 0.512550821875 0.554495846875 0.5145335203125 0.57255524375 0.511449178125 0.6474667265625 0.5096868515625 0.6535541921875 0.505500865625 0.6720735640625 0.504839965625 0.6772923843750001 0.5004338234375 0.6757784953125 0.47333564062500005 0.6671726437500001 0.46959039843749995 0.5967316421875 0.470030925
0 0.676350265625 0.5408055796875 0.6758714953125 0.5163512109374999 0.6709235 0.5118817609375 0.6612769703125 0.5093012546875 0.5816826125000001 0.510843425 0.5625188234375 0.512605753125 0.5507130765625 0.51392776875 0.555987771875 0.519655709375 0.5562076874999999 0.543449178125 0.5522087171875001 0.5469742640625 0.541530759375 0.5491773359375001 0.54009153125 0.5542443765625 0.5505039375 0.5571083484375 0.5641624140625 0.5540240046875 0.6487677609375 0.55204130625 0.6502185375 0.5467538921874999 0.65986650625 0.5474147921875 0.6705329156250001 0.54543209375 0.676350265625 0.5408055796875
0 0.6488636515625 0.5950017296875 0.6505732828124999 0.5903752156250001 0.6623094578125001 0.5903752156250001 0.6706316953125 0.5883373703125 0.6746156890624999 0.5571083484375 0.6666427171875 0.552481834375 0.653145884375 0.552481834375 0.5579546484375 0.5549052765625 0.5496006546875 0.5575490921874999 0.5540759890625 0.5617348609375 0.5540370484375 0.58486743125 0.550509603125 0.5905955875 0.5348434531249999 0.592798659375 0.5322767359375 0.5969844296875 0.5443805140625 0.6011704156250001 0.573060434375 0.5969844296875 0.6488636515625 0.5950017296875
0 0.5469247312500001 0.6051574390625001 0.546336146875 0.6286602515624999 0.5422483312499999 0.6362547578125 0.5423195640625 0.640495675 0.556437725 0.639834775 0.5572024515625 0.6420378453125 0.6585668046875 0.639394246875 0.6644188015625 0.6341066171875 0.6800503140624999 0.632564446875 0.6862532265625 0.62617560625 0.685152840625 0.6023821359375 0.67818035 0.6010603375 0.6707979203125001 0.593727940625 0.5752594203125 0.5963036328125 0.5560266359375 0.599201125 0.5422888484375 0.599523140625 0.5469247312500001 0.6051574390625001
0 0.5291344734375001 0.68689403125 0.540927209375 0.6858477515625 0.6461290671875 0.6839965390625 0.6532340421875 0.6793280703125 0.6680320156249999 0.6751427328124999 0.6712190578125 0.6716012109375 0.6701346796875 0.6472934687499999 0.6661506609375001 0.6414982703125001 0.6555493015625 0.63924459375 0.5373356234375 0.6408542390624999 0.5390881750000001 0.6442348609375 0.5461411265625 0.6487422140625 0.5459139078125 0.673532871875 0.5437060671875 0.67884515625 0.532149128125 0.682547578125 0.5291344734375001 0.68689403125
0 0.5499731531250001 0.6942588671875 0.550712475 0.69651254375 0.6692352171875 0.70536635 0.6724593750000001 0.70520545 0.6708818890625 0.6882623265625 0.6624415406249999 0.6836343 0.6319729734374999 0.6841172140625 0.5370520203125 0.687175821875 0.545106109375 0.6889465828125 0.5499731531250001 0.6942588671875
0 0.7102071671875 0.33222015625 0.7056893359374999 0.3285045421875 0.7043458359375 0.32266609062499996 0.68794460625 0.3208968421875 0.68141718125 0.3229314453125 0.6757830515625 0.3281507359375 0.678323378125 0.33363538125000003 0.6762227953125 0.400689878125 0.6785921453125 0.4049359859375 0.6821212234375 0.40953611562500003 0.6992385203125 0.4111284609375 0.716240765625 0.41042063124999995 0.7235877687500001 0.4051128890625 0.726582696875 0.3479662625 0.7241964921874999 0.335050821875 0.7166100906249999 0.335935553125 0.71659703125 0.3316892296875 0.7102071671875 0.33222015625
0 0.6880729140625 0.5072869812499999 0.718025278125 0.5067560546875 0.721292340625 0.5028637546875 0.7231224734375 0.4229822671875 0.7112647859375001 0.41095155781250003 0.6809522109375 0.40935921249999996 0.6804700578125 0.41855925625 0.6724440703125001 0.4233362890625 0.6627833562500001 0.4233362890625 0.6606293890625 0.42846691249999996 0.6739991437499999 0.4341286765625 0.673745003125 0.43448248281249996 0.6772096875 0.5010060546874999 0.6880729140625 0.5072869812499999
0 0.6779444625 0.6016319203125 0.6847359796875 0.602427984375 0.6916962859375 0.60225108125 0.7130066890625 0.6025164359375 0.719863940625 0.597562715625 0.721713334375 0.5892471890625 0.7282761203125 0.5269697234375 0.7258116578125 0.5110464968749999 0.719191965625 0.5069772921875 0.688551071875 0.5071541953125001 0.6807249953125 0.5036157 0.67524073125 0.5048542390625 0.6744450093750001 0.5110464968749999 0.6786754140625 0.5202465390625 0.670350484375 0.5936701984375 0.6779444625 0.6016319203125
0 0.7231875125 0.7162348609375 0.725539709375 0.6870865046875 0.7200796796875 0.6698806234375 0.713338040625 0.6231723609375 0.7170333046875 0.6021185124999999 0.685468553125 0.6019416093750001 0.6874691265624999 0.62671085625 0.680595634375 0.63197448125 0.66778839375 0.6335668250000001 0.6650983218750001 0.6399359859375 0.6703823859375 0.647012975 0.67367068125 0.7056634953125 0.71677405625 0.7194636671875 0.7231875125 0.7162348609375