0 0.6417490328125 0.767319478125 0.648767628125 0.767631746875 0.661489246875 0.6272296234375 0.6579775453125001 0.625696703125 0.6526952328125 0.6477697375 0.6299780203124999 0.7490913296875 0.631575934375 0.7624051625 0.6417490328125 0.767319478125
0 0.6356759609375 0.6056236015625001 0.6273730125 0.60857648125 0.6227521546875 0.6178162203124999 0.6164678109375 0.6164804421875 0.6083031953125 0.655239346875 0.5910384078125 0.7392420796875 0.5901640578125 0.74613281875 0.5939314421875 0.7547966734375 0.6191911250000001 0.7609519734375 0.625111915625 0.7567065625 0.6563680062499999 0.627713446875 0.6528560296875 0.626180765625 0.6521208421875 0.6213067718749999 0.6480659125 0.609829840625 0.6356759609375 0.6056236015625001
0 0.390707965625 0.5666527859375 0.38480435 0.5623733140625 0.37358689218749996 0.560241021875 0.35552645781250003 0.5766502140624999 0.3747487734375 0.6049327124999999 0.38626475937500004 0.605364096875 0.39231997343749997 0.5804380890624999 0.3966249859375 0.5779922625 0.390707965625 0.5666527859375
0 0.4066524703125 0.648345175 0.41697260312499995 0.59979276875 0.42759442343750004 0.5830627078124999 0.42306435468750003 0.575882734375 0.4097809984375 0.5707068843750001 0.39851999375 0.5773868515625 0.3921149359375 0.5814027140625 0.382547396875 0.6086067749999999 0.4066524703125 0.648345175
0 0.46542231718749993 0.5778287484375 0.462306721875 0.5711172671875 0.45029893281250005 0.5658765781249999 0.44068013749999996 0.570469303125 0.4198450859375 0.59637050625 0.4070786796875 0.6457471203125 0.433956828125 0.7116160984375 0.44986789062500004 0.6296373703125 0.457722265625 0.60811840625 0.4617405109375 0.5998986484375 0.46560870000000004 0.585261784375 0.46391873125 0.5849025703125 0.46542231718749993 0.5778287484375
0 0.4925889875 0.6138491140625 0.49796425937500005 0.6123033078125 0.50103981875 0.5978339359375 0.495796659375 0.5963834968749999 0.500725590625 0.59575073125 0.496466753125 0.586107890625 0.49442168906250006 0.58029619375 0.4704692453125 0.5849507484375 0.46317144531250004 0.590792971875 0.45665627343750004 0.6095719703125 0.43385217656249997 0.7109216171875 0.43706788437500005 0.7159742312499999 0.4668369640625 0.7243182578125 0.4925889875 0.6138491140625
0 0.6113600156250001 0.632037521875 0.6051973640625 0.6182931578125 0.591294628125 0.6136575953125 0.5830411796875 0.6201367656250001 0.5802517921875 0.626433178125 0.57492159375 0.633702128125 0.570356621875 0.64449403125 0.547475121875 0.7414584265624999 0.54920616875 0.7451869624999999 0.5521210515625 0.7552163734375 0.5536150625 0.7612469109375 0.5694128078125 0.7652770624999999 0.5766876265625 0.76547919375 0.5815713640625 0.7591238453125 0.6113600156250001 0.632037521875
0 0.5694901531250001 0.5918833953125 0.5579333046875 0.5880827328125 0.5445480218750001 0.5973360859375 0.5394017484375 0.596914153125 0.53615315 0.611010775 0.512460365625 0.7165403234375 0.512960978125 0.7260565640625 0.519525109375 0.733164790625 0.5408393765625 0.73735930625 0.5450351375 0.73186593125 0.551231603125 0.7086500953125 0.5572769671875 0.69682868125 0.573802371875 0.629767375 0.5769462578125 0.6149765546875 0.5761722828125 0.6067463859375 0.5724281718750001 0.5958687765625 0.5694901531250001 0.5918833953125
0 0.5315995671875 0.5959279859375 0.531836603125 0.593625984375 0.5184668625 0.5882636406249999 0.511911421875 0.5947677609375 0.5047137953124999 0.598950834375 0.501060221875 0.5995187140625 0.4952241609375 0.6127290890625 0.47084793906250005 0.721473959375 0.4753803515625 0.729830771875 0.49073169375000003 0.73477424375 0.5013864531250001 0.7356948046875 0.5049903578125 0.7270507109375 0.5134411890624999 0.7110355328125 0.5349060828125001 0.6124258515625 0.5366830328125001 0.60406595625 0.5315995671875 0.5959279859375
0 0.5729031265625 0.7969370984374999 0.5768111984375001 0.8034807609374999 0.643432715625 0.8194898828125 0.64514780625 0.7692765500000001 0.5838197171874999 0.753888478125 0.576325475 0.7654022171875 0.55538928125 0.7606158265625 0.5513250734375 0.780924296875 0.571782925 0.7879611015625 0.5729031265625 0.7969370984374999
0 0.5499935453125 0.7833296265625 0.552983046875 0.7597683953125001 0.5489567671875 0.745469921875 0.47266164843749997 0.7325295656249999 0.4831666046875 0.7771907765625 0.522633640625 0.790956759375 0.5357348828124999 0.7910531578125 0.5499935453125 0.7833296265625