0 0.5901045500000001 0.6531746093749999 0.5908738484375 0.656892453125 0.730852821875 0.66712045 0.732006625 0.6601365640625 0.7293148046875 0.6492894031249999 0.7166241359375001 0.64554938125 0.612793490625 0.6515402156250001 0.5901045500000001 0.6531746093749999
0 0.5897200453125 0.6106737015625 0.5897200453125 0.6170984421875 0.5797214859375 0.6201629640624999 0.5751068546875 0.6278854640625 0.5766451609375001 0.6408075453125 0.5870282265625 0.646676453125 0.5916428578125 0.64819400625 0.592411865625 0.6519120828125 0.725084678125 0.6419788546875 0.7304683187500001 0.6368193703125 0.729699309375 0.6108677296875 0.7220080640625001 0.60573958125 0.7150861171875 0.6054845531249999 0.62932949375 0.60890109375 0.5897200453125 0.6106737015625
0 0.626708525 0.38146715625 0.6286808749999999 0.37002126875 0.6050129609375 0.3464410953125 0.5852073734375 0.3616176625 0.5849608296875 0.373044803125 0.5879193546875 0.3795713671875 0.59778081875 0.3872573921875 0.6010682609375 0.3834018546875 0.626708525 0.38146715625
0 0.5967946421875 0.3890310484375 0.5879193546875 0.39907050312500003 0.590220334375 0.4130325375 0.5963015546875 0.41867317656249997 0.6148744234375 0.4108967984375 0.6645115203125 0.4085849125 0.6306532265625 0.3783214890625 0.6020544359375 0.3833559234375 0.5967946421875 0.3890310484375
0 0.5774000578125 0.45102368125 0.5833171078125 0.45519099843750005 0.5905489625 0.45485417031250003 0.5905489625 0.45658189531250004 0.60567021875 0.4551371265625 0.6145457953125 0.4525022859375 0.637227534375 0.44823717187499995 0.7207229265625 0.44582928125 0.661881625 0.40858413125000004 0.6109297234375 0.413178709375 0.5812626734374999 0.4295550671875 0.57477045 0.43831116718749996 0.5774000578125 0.45102368125
0 0.5954798390625 0.493622996875 0.610272465625 0.49293401875000004 0.6129020734374999 0.48787512343749995 0.7263113484375 0.4803715484375 0.7243389984374999 0.4496100390625 0.7200653796875 0.4456131515625 0.616189228125 0.45168525624999994 0.5964660140625 0.45507230625000006 0.589234159375 0.46133279531250004 0.579701325 0.4842380828125 0.5849608296875 0.48720181093750003 0.5935074890625 0.492974375 0.595151209375 0.48820815624999997 0.5954798390625 0.493622996875
0 0.6002462562499999 0.57824745 0.592192684375 0.5853485468749999 0.59383640625 0.5998347046875 0.6059991359375 0.6081538125 0.736501728125 0.5993605921875 0.7437335828125 0.595568096875 0.7450483875 0.5883489875000001 0.744390840625 0.5720891703125 0.7388027078125 0.5696342609375 0.7295985015625 0.5651265343749999 0.7263113484375 0.5628112109375001 0.626708525 0.569671740625 0.615203340625 0.5724290562500001 0.6069850234375 0.576514253125 0.6002462562499999 0.57824745
0 0.7092177421875 0.5241769953125 0.6010682609375 0.53044835 0.5866042625000001 0.5313687781249999 0.5859470046874999 0.53652093125 0.574112903125 0.548241015625 0.5754277078125 0.5602742828125 0.5787151500000001 0.563823590625 0.5885766125 0.5692881609375 0.5964660140625 0.5713889156249999 0.6115872703125 0.5706846328124999 0.6806189515625001 0.565247975 0.693438940625 0.5611954265625 0.717435771875 0.5588435421875 0.7236814515625001 0.5555907078125 0.72401008125 0.5338548140625 0.718421946875 0.5262165109375 0.7092177421875 0.5241769953125
0 0.5958084671874999 0.4974335984375 0.590220334375 0.5038645015625 0.5824953921875 0.5092842 0.5849608296875 0.5233618453125 0.5872618093749999 0.5235014328125 0.594165034375 0.52984426875 0.60271169375 0.5294462015625 0.7036293203125 0.524252159375 0.7210515546875 0.5185042875 0.7302560484375 0.5163476390625 0.731570853125 0.5056730796875 0.72992713125 0.4897059515625 0.7226952765625 0.4838719328125 0.611258640625 0.4902963921875 0.5971235593750001 0.49391668125 0.5958084671874999 0.4974335984375
0 0.76411434375 0.5730217453125 0.743404665625 0.5737393421875 0.7437335828125 0.5951978546875 0.73091330625 0.6007316031250001 0.7332142859374999 0.6638117171875 0.7826869234375 0.67026981875 0.7808790328125 0.6018598625 0.7752908984375 0.5969369578125 0.7667439515625001 0.5943731015625 0.76411434375 0.5730217453125
0 0.7331322 0.487458490625 0.72992713125 0.5649261078125 0.7430760375000001 0.571224803125 0.7667439515625001 0.572096934375 0.7772632484375 0.5592657265625001 0.7798928578125001 0.546308259375 0.774633353125 0.5050865296875 0.7331322 0.487458490625