0 0.3202189375 0.74426295 0.3248893671875 0.6310587125 0.3255553515625 0.6063028828125 0.3214195390625 0.6069266953125 0.29516935625 0.7584969187499999 0.3026580203125 0.7601500671875 0.314772896875 0.757843803125 0.3202189375 0.74426295
0 0.36405951875000003 0.74488004375 0.369586396875 0.651469 0.3719270625 0.608313 0.3649234546875 0.60794595625 0.36266144218749996 0.5969026296875 0.3547409640625 0.591445428125 0.34048865625 0.592379303125 0.3329708546875 0.6033302125 0.3308187546875 0.608259534375 0.326682721875 0.6088830203125 0.3231984625 0.753663384375 0.32824203750000003 0.7598100609375 0.3566148765625 0.760456771875 0.3630347875 0.7523895031250001 0.36405951875000003 0.74488004375
0 0.61460356875 0.6298386171875 0.618451846875 0.633632271875 0.6177948421874999 0.6616132921875 0.6300592296875 0.6644110999999999 0.6583172203125 0.640031646875 0.6439098296875 0.61763630625 0.631479703125 0.6167154890625001 0.6240459359375 0.619558490625 0.61460356875 0.6298386171875
0 0.6207983859375 0.66608081875 0.61839553125 0.6347068499999999 0.6127764921875001 0.628665334375 0.602789934375 0.618444509375 0.5873216953125 0.6201479859375 0.5805168093749999 0.6264359109375001 0.586990234375 0.6470685359374999 0.5841556703124999 0.7011552171875 0.6207983859375 0.66608081875
0 0.5702768234375 0.609467246875 0.5614321671875 0.6019100859375001 0.5472905796875 0.6040421593749999 0.5421094703125 0.61023580625 0.5416964906249999 0.6181159421875 0.539813096875 0.6180172374999999 0.539756790625 0.6345362999999999 0.5416715484375 0.6443344125 0.5438740875 0.669232709375 0.5374916187500001 0.760128209375 0.5844402296875 0.6982966125 0.5849282687499999 0.64265035625 0.5702768234375 0.609467246875
0 0.4998224984375 0.6191540062499999 0.504840834375 0.62121299375 0.498902665625 0.621260859375 0.498057921875 0.6373795296875 0.5032889453125 0.6405268796875 0.49923423125 0.7642293312499999 0.532980121875 0.7638428203125 0.5377981578125001 0.7594258171875 0.5423849 0.646167471875 0.5408203796875 0.624535203125 0.5347759796875 0.6163166515625 0.5108353109375 0.604646065625 0.5070371671875 0.6101937328125 0.4998224984375 0.6191540062499999
0 0.41086845937499994 0.638197771875 0.40730176250000005 0.6290312265625 0.40613936875 0.6216072968749999 0.39926726874999996 0.6124475281249999 0.3832985875 0.6134066328125 0.3729178390625 0.6261520265625 0.36842497500000004 0.7685082750000001 0.3717790171875 0.7765858296875 0.3795067296875 0.7784274250000001 0.3973024859375 0.7786416015625 0.40058141875000003 0.7727076546875 0.406488221875 0.7629603796875 0.4093667671875 0.7595195765625 0.412633053125 0.65086121875 0.41086845937499994 0.638197771875
0 0.4411803890625 0.7586724125 0.4501097359375 0.7530345890625 0.45332594375 0.74314630625 0.458156484375 0.625231546875 0.458713471875 0.6094568671875 0.4531680140625 0.6084481 0.44166859374999995 0.5949150859375 0.4284092890625 0.595656796875 0.4241855484375 0.5990274140625 0.41716478593749995 0.6094344515625 0.4140236609375 0.61789006875 0.41316015000000006 0.634366828125 0.41163965312500006 0.709713578125 0.4146743421875 0.7238801890625 0.41464939999999995 0.7500986625 0.4175215453125 0.757073434375 0.4411803890625 0.7586724125
0 0.5008268124999999 0.638602171875 0.49840519843750003 0.6230307749999999 0.49471327656249997 0.6214003734375 0.48830578593749996 0.61495878125 0.4832311234375 0.6062522859375 0.46761911874999995 0.6081279203125 0.46721873125 0.610621065625 0.45955969999999996 0.61776238125 0.45907163593750006 0.6270751812500001 0.45384687343749996 0.7370675015625 0.45823315468750003 0.756333521875 0.45959115468749995 0.7664618421875 0.47108565156250004 0.7685008453125 0.48866873593750004 0.7676263484375 0.49580855625 0.7600987531250001 0.5008268124999999 0.638602171875
0 0.36688248125 0.8108098453125001 0.3705993703125 0.80166594375 0.39415815625 0.8000274062500001 0.395610021875 0.7774753734375001 0.3721826171875 0.7766069828125 0.367533303125 0.7623554390625 0.29852145625 0.7612528125 0.2861444734375 0.8146597015625 0.36091318906250003 0.816602796875 0.36688248125 0.8108098453125001
0 0.42157636875 0.8187044921875 0.46707955625 0.81534249375 0.49077293749999995 0.7712385953124999 0.40667125468750004 0.7633290421875001 0.3983865703125 0.7772618171875 0.3948826171875 0.802938575 0.4077351125 0.8151058984375 0.42157636875 0.8187044921875