0 0.614988828125 0.6694712015625 0.615795290625 0.6734070296875 0.762536534375 0.690967346875 0.763746075 0.68370090625 0.760924215625 0.6721959187500001 0.7476204703125 0.6676546484375 0.638773853125 0.6688655328124999 0.614988828125 0.6694712015625
0 0.6145857484375 0.624889115625 0.6145857484375 0.6316256234375001 0.6041041671875 0.6343505671874999 0.59926660625 0.6422224484375 0.6008792265625 0.6558467125 0.6117638890625 0.6625074828125 0.61660145 0.6643240359375 0.617407609375 0.668260090625 0.756489734375 0.6643240359375 0.7621334546874999 0.6591770968749999 0.7613272953125 0.631928571875 0.7532644921875 0.6261759640625 0.7460081515625 0.6255705218750001 0.6561086953124999 0.624964853125 0.6145857484375 0.624889115625
0 0.6533611109375 0.386366440625 0.65542874375 0.3744614515625 0.6306174515625 0.3485811796875 0.609855071875 0.36352698437500003 0.60959661875 0.3754965984375 0.6126980671875 0.382484353125 0.6230359296875 0.39102494375 0.6264821859375 0.3871428578125 0.6533611109375 0.386366440625
0 0.6220021140625 0.3928365078125 0.6126980671875 0.40292970468749995 0.6151102046875 0.4176816328125 0.6214852046875 0.42389297031249995 0.6409553140625001 0.41664625781250003 0.6929903375 0.41664625781250003 0.6574963765625 0.3832607703125 0.627516003125 0.3871428578125 0.6220021140625 0.3928365078125
0 0.6016705921875001 0.45689025 0.6078734906250001 0.46154875312500004 0.615454709375 0.46154875312500004 0.615454709375 0.46336031718750004 0.6313064609375 0.4625839 0.640610809375 0.46025464843749997 0.664388284375 0.45689025 0.7519172703125 0.458443084375 0.69023339375 0.41651700625 0.6368200484375001 0.41884625781249996 0.60571980625 0.43456848125 0.59891395 0.44343242656250004 0.6016705921875001 0.45689025
0 0.6206237921875 0.5024396828125 0.6361310390625 0.5024396828125 0.6388876812500001 0.49726371875000003 0.7577756640625 0.4949344671875 0.75570803125 0.4625839 0.751227959375 0.45818435312499994 0.6423336359375 0.45947823125 0.6216576093749999 0.462066440625 0.6140763890625001 0.4682775515625 0.60408303125 0.49182879843749994 0.60959661875 0.495193196875 0.618556159375 0.501663265625 0.6202792875 0.49674603125 0.6206237921875 0.5024396828125
0 0.6256204703125 0.5914034015625 0.6171778375 0.5984557828125 0.618900965625 0.6137251703125 0.63165126875 0.62304195 0.7684583328125 0.6201952375 0.7760395531250001 0.6165718828125 0.777417875 0.6090666671875 0.7767285625 0.5919857140625 0.7708704703125 0.589138775 0.7612216187499999 0.5839628125 0.7577756640625 0.581374603125 0.6533611109375 0.5837038546875 0.6413001203124999 0.58603310625 0.6326847828125 0.5899151921875 0.6256204703125 0.5914034015625
0 0.7398562796875 0.5400308390624999 0.6264821859375 0.5413249437500001 0.61131944375 0.5415836734374999 0.610630434375 0.5469537421874999 0.5982246375 0.5586646265625 0.5996029593750001 0.5713460312499999 0.603049215625 0.5752281171875 0.6133870765625 0.58143945625 0.6216576093749999 0.5840274375 0.637509359375 0.5840274375 0.70987590625 0.5816981859375 0.7233152171875 0.57807505625 0.7484713171874999 0.576780953125 0.7550187203125 0.5736752828125 0.755363225 0.5509006796875 0.7495051328125 0.5426188203125 0.7398562796875 0.5400308390624999
0 0.620968296875 0.506451246875 0.6151102046875 0.512921315625 0.6070120765625 0.5182267578124999 0.60959661875 0.5331079359374999 0.6120087562500001 0.5333666671875 0.6192454703125 0.5403544218749999 0.6282050124999999 0.5403544218749999 0.7339978859375 0.539836734375 0.752261775 0.5346607703124999 0.7619109296875 0.5328489796875 0.7632892515624999 0.521720634375 0.7615661234375 0.5048984125 0.753984903125 0.49842811718749996 0.6371648546875 0.49972222187500004 0.6223469203125 0.502827890625 0.620968296875 0.506451246875
0 0.797404890625 0.5939267578125 0.775694746875 0.5936678 0.7760395531250001 0.6161836734375 0.7625999390625 0.6213598640625 0.7650120765625 0.687613378125 0.8168746984374999 0.69680090625 0.81497946875 0.62498299375 0.8091213765624999 0.6195483 0.800161534375 0.6164426296875 0.797404890625 0.5939267578125
0 0.7649260265625 0.5026984125 0.7615661234375 0.5837687078125 0.7753502421875 0.5910151921875 0.800161534375 0.5930854875 0.811189009375 0.5801453515625 0.8139456515625 0.566687528125 0.808432065625 0.5232086171875 0.7649260265625 0.5026984125