0 0.5563714953125001 0.46564310937500003 0.5494844624999999 0.460999034375 0.48310935625000007 0.45537878125000003 0.4614069953125 0.45450922812499994 0.443503715625 0.45598023750000005 0.435102440625 0.4598230859375 0.420141565625 0.4595744421875 0.42042971875 0.465769659375 0.41364948906250004 0.46780070625 0.41100681874999995 0.470606909375 0.411247871875 0.4864138859375 0.41096805 0.49175320312500004 0.4170320328125 0.498495825 0.440156628125 0.4994399140625 0.445615784375 0.49731673593750003 0.45497166875 0.495665378125 0.46923570156250005 0.495609903125 0.53031955 0.5001496125 0.5348657890624999 0.4950338890625 0.5491575156249999 0.4944444453125 0.5561088609375 0.491061028125 0.55752789375 0.47079009374999997 0.5563714953125001 0.46564310937500003
0 0.41185026718750006 0.5293443156250001 0.4220071359375 0.5328213171875 0.42320551562500003 0.5371672625 0.43738530937500003 0.5387136328125 0.4405652796875 0.5324554671875 0.5542980796875 0.539218971875 0.5595834187500001 0.5336065624999999 0.560613128125 0.5071582218749999 0.5509375921874999 0.5012971671875001 0.4479272328125 0.49402476249999994 0.43483388593749994 0.4989601515625 0.4241254296875 0.49920218437499997 0.42388758906249996 0.5037404624999999 0.4169085375 0.5076580640625 0.4136526984375 0.50855805625 0.41185026718750006 0.5293443156250001
0 0.5487479796875 0.54307744375 0.449948359375 0.537096553125 0.43453384687499996 0.5386979937499999 0.41793805156249997 0.5390328859375 0.4183945171875 0.5405290500000001 0.4138479890625 0.5456447578125 0.4090299875 0.549140196875 0.40598993281249995 0.5527285953125001 0.4056541453125 0.55913581875 0.406119053125 0.570671384375 0.414456303125 0.57485604375 0.4135633 0.5782893625 0.5363245421875 0.5828491453125 0.5432479140625001 0.5799994671875 0.5552327609375001 0.575809003125 0.5582836 0.5516082640625 0.5487479796875 0.54307744375
0 0.406129259375 0.5908832046875 0.400857903125 0.5962287453124999 0.4008694734375 0.6096141953124999 0.40219377187500005 0.6115574609375 0.412678071875 0.615587040625 0.4120883078125 0.6200400828125 0.4280282625 0.622013309375 0.526954090625 0.6255915328125 0.5406606203125001 0.6225621390625 0.5492776921875 0.62140748125 0.55382421875 0.6162917734375 0.55407256875 0.591140925 0.5485797890625 0.5871053390625 0.5366169968750001 0.5840691125 0.451697734375 0.57854784375 0.42698301406250005 0.580732721875 0.414239440625 0.5789940203125 0.412949053125 0.583209534375 0.40880020000000006 0.5875430625 0.406129259375 0.5908832046875
0 0.5365257625 0.6266285828125 0.403551684375 0.61965970625 0.40287446562499996 0.625781434375 0.3897028109375 0.6390114015624999 0.38970038125 0.6526639390625 0.3989642484375 0.659574259375 0.401513353125 0.6636563828125001 0.538212178125 0.6692812140625 0.54609849375 0.6616636546875 0.547155896875 0.6346813453125 0.5365257625 0.6266285828125
0 0.38966132343750004 0.6942223109375 0.397067090625 0.7025745031249999 0.397494884375 0.7080179125 0.5059644 0.7131671390625 0.50788195625 0.7105907499999999 0.5334533375 0.7124663109375 0.5449988296875 0.709858865625 0.5476463578125 0.6797475875 0.5391635609375001 0.6715397609375 0.401922778125 0.6643472765625 0.3995375859375 0.6690408359375 0.39233469374999996 0.6772296328125 0.3876146265625 0.678856340625 0.3861619796875 0.6929682953125 0.38966132343750004 0.6942223109375
0 0.5508760703125 0.7269650515625 0.541054990625 0.7170808296875 0.403842190625 0.7093543921875 0.4019106375 0.7121978640625 0.46355169218750003 0.71971169375 0.4788402859375 0.7205129343750001 0.48637655156250004 0.719569234375 0.5508760703125 0.7269650515625
0 0.677618334375 0.3761366359375 0.677674075 0.37507305468749996 0.6748377171875 0.354660209375 0.6650335875 0.3520133921875 0.607067878125 0.3468425328125 0.5787238796875 0.3456236046875 0.5607107890624999 0.35054555781249996 0.5561126984375 0.35697033125 0.54268376875 0.3557333 0.5403082171875 0.3604082796875 0.5347872625 0.3641184328125 0.5298407796875 0.3771909140625 0.530984425 0.389249328125 0.534046215625 0.391809528125 0.5391909218750001 0.3952786578125 0.5432954 0.3914942734375 0.552120640625 0.3924900359375 0.5612663921875 0.38737009843750003 0.5767171859375 0.3839136125 0.6008535703125 0.38411204374999997 0.6532645734375 0.38685878749999997 0.65806335 0.383377521875 0.67545740625 0.383489121875 0.677618334375 0.3761366359375
0 0.6632008625 0.38767271718749996 0.5933531375000001 0.3838319453125 0.5751146234375 0.3839569203125 0.56027625 0.387862515625 0.552816690625 0.3928754359375 0.54199465 0.39338909218749996 0.541768709375 0.3977002953125 0.5381143921875 0.3987695859375 0.5351022046875 0.40131376249999995 0.529522859375 0.4116488703125 0.5293046 0.42496697812499995 0.5334978 0.4273481484375 0.5427016234375001 0.43368477031249997 0.54343661875 0.43453390000000003 0.543967809375 0.4289776734375 0.5549256359375 0.43045255468750004 0.5579566390624999 0.4275493828125 0.575290571875 0.421792934375 0.59401718125 0.421513546875 0.654037325 0.425199478125 0.6570774687500001 0.4221163609375 0.6693917578125 0.42060031093749994 0.6760017734375 0.41806469843749994 0.675972721875 0.39572712656250003 0.6740080625 0.392021734375 0.6632008625 0.38767271718749996
0 0.5651979640625 0.42500326875 0.5566823375000001 0.43030065625 0.5440544296875001 0.4298598328125 0.543564659375 0.43358969375 0.5368555749999999 0.438098284375 0.5357657046875001 0.4532842578125 0.5389932390625 0.45345340624999997 0.5367886703125 0.45902646249999995 0.55660718125 0.46542233906249997 0.5691959015625 0.46100091093750006 0.6534731234375 0.4640922640625 0.658186071875 0.45837460781250006 0.6702157375 0.45900505625 0.6800946203125 0.45576725781249994 0.6817529390625 0.44657572500000003 0.6786180625 0.44464404843749994 0.6772153296875 0.43772219218749997 0.6767854390625 0.4290839359375 0.6693301765624999 0.42537943125 0.582751490625 0.42128398906250003 0.5651979640625 0.42500326875
0 0.5438816796875 0.49491025312500003 0.5413034140625 0.49919337500000005 0.555563690625 0.5007691171875 0.650485803125 0.5042526671875 0.6542836421875 0.4991497671875 0.6677689265625 0.5000774781249999 0.6736324609375 0.4948618609375 0.673613378125 0.47276942499999997 0.669454634375 0.467912253125 0.660227453125 0.46433586250000003 0.580080759375 0.46101902656249993 0.56266578125 0.46209470937499997 0.5546052875 0.4643231359375 0.55684173125 0.4721723765625 0.5556707390625 0.488900725 0.5530350375 0.494285290625 0.5438816796875 0.49491025312500003
0 0.5967316421875 0.50259528125 0.5711358609375 0.5025795093750001 0.557979096875 0.5052035671875 0.5607325703125 0.51020806875 0.5603198953125 0.534928953125 0.54312885625 0.5373415828125 0.5416896171875 0.54234733125 0.554495846875 0.545006621875 0.57255524375 0.5428602609375 0.6474667265625 0.5450190375 0.6535541921875 0.5411405859375 0.6720735640625 0.5414484296875 0.6772923843750001 0.5373036921875001 0.6757784953125 0.5100517421874999 0.6671726437500001 0.5058452 0.5967316421875 0.50259528125
0 0.676350265625 0.5777369578125 0.6758714953125 0.5531903328125 0.6709235 0.54844929375 0.6612769703125 0.545356146875 0.5816826125000001 0.5427311890625 0.5625188234375 0.5434940265625 0.5507130765625 0.544200959375 0.555987771875 0.5502210671875 0.5562076874999999 0.5740914125 0.5522087171875001 0.577416603125 0.541530759375 0.5790661171875 0.54009153125 0.5840716484375 0.5505039375 0.5874891765625 0.5641624140625 0.585112171875 0.6487677609375 0.58755800625 0.6502185375 0.582332103125 0.65986650625 0.583500446875 0.6705329156250001 0.5820713046875 0.676350265625 0.5777369578125
0 0.6488636515625 0.6306414499999999 0.6505732828124999 0.6260918265625001 0.6623094578125001 0.62670689375 0.6706316953125 0.6250996015625 0.6746156890624999 0.5939935984375 0.6666427171875 0.58893653125 0.653145884375 0.5882291921875 0.5579546484375 0.5856705296875 0.5496006546875 0.5878837921875 0.5540759890625 0.5923155999999999 0.5540370484375 0.615509665625 0.550509603125 0.6210686890625 0.5348434531249999 0.6224567828125 0.5322767359375 0.6265195343750001 0.5443805140625 0.63135135 0.573060434375 0.6286569171874999 0.6488636515625 0.6306414499999999
0 0.5469247312500001 0.6354826609375 0.546336146875 0.659019178125 0.5422483312499999 0.6664203109375 0.5423195640625 0.670676609375 0.556437725 0.6707537953125 0.5572024515625 0.6730029937500001 0.6585668046875 0.675664415625 0.6644188015625 0.6706689531250001 0.6800503140624999 0.669941759375 0.6862532265625 0.6638604531250001 0.685152840625 0.6399439625000001 0.67818035 0.6382531203124999 0.6707979203125001 0.6305136890624999 0.5752594203125 0.62808949375 0.5560266359375 0.629986996875 0.5422888484375 0.6295899296874999 0.5469247312500001 0.6354826609375
0 0.5291344734375001 0.7165114 0.540927209375 0.716080278125 0.6461290671875 0.7197373765624999 0.6532340421875 0.7154284421875 0.6680320156249999 0.7120071375 0.6712190578125 0.7086229140625 0.6701346796875 0.6841915796875 0.6661506609375001 0.6781716703125 0.6555493015625 0.6753562109375 0.5373356234375 0.6707749609375 0.5390881750000001 0.6742567140625 0.5461411265625 0.6791460765624999 0.5459139078125 0.703992915625 0.5437060671875 0.7092040828124999 0.532149128125 0.7123109999999999 0.5291344734375001 0.7165114
0 0.5499731531250001 0.7249885734375 0.550712475 0.7272871859375 0.6692352171875 0.7423768234375 0.6724593750000001 0.742384453125 0.6708818890625 0.7253121203124999 0.6624415406249999 0.7202290437500001 0.6319729734374999 0.71911649375 0.5370520203125 0.71720890625 0.545106109375 0.7194066265625 0.5499731531250001 0.7249885734375
0 0.7102071671875 0.3703530046875 0.7056893359374999 0.366390415625 0.7043458359375 0.36046551875 0.68794460625 0.357831859375 0.68141718125 0.3595299625 0.6757830515625 0.36446831562500004 0.678323378125 0.3701011578125 0.6762227953125 0.43722973749999994 0.6785921453125 0.44161168125000005 0.6821212234375 0.4464093953125 0.6992385203125 0.44890319375 0.716240765625 0.4490844703125 0.7235877687500001 0.444147190625 0.726582696875 0.3870005640625 0.7241964921874999 0.37392459375 0.7166100906249999 0.37441416875 0.71659703125 0.3701554984375 0.7102071671875 0.3703530046875
0 0.6880729140625 0.54474065625 0.718025278125 0.545778009375 0.721292340625 0.5420462374999999 0.7231224734375 0.4620412625 0.7112647859375001 0.449356075 0.6809522109375 0.4461707421875 0.6804700578125 0.45537078593749997 0.6724440703125001 0.45974031406250004 0.6627833562500001 0.45923401718749995 0.6606293890625 0.46426584843749996 0.6739991437499999 0.4706438421875 0.673745003125 0.47098530156249996 0.6772096875 0.5378731609375 0.6880729140625 0.54474065625
0 0.6779444625 0.6388139109375001 0.6847359796875 0.639968090625 0.6916962859375 0.640155475 0.7130066890625 0.641538390625 0.719863940625 0.6369304375 0.721713334375 0.62868899375 0.7282761203125 0.5665844203125 0.7258116578125 0.5504883015625001 0.719191965625 0.546060996875 0.688551071875 0.544632565625 0.6807249953125 0.540674203125 0.67524073125 0.5416287265624999 0.6744450093750001 0.5477962890625 0.6786754140625 0.55724330625 0.670350484375 0.6304323390625 0.6779444625 0.6388139109375001
0 0.7231875125 0.7561027046875 0.725539709375 0.7269975640624999 0.7200796796875 0.709458278125 0.713338040625 0.6622684140625 0.7170333046875 0.6413504 0.685468553125 0.639518771875 0.6874691265624999 0.6644608953125 0.680595634375 0.669378753125 0.66778839375 0.6703042703125 0.6650983218750001 0.67654994375 0.6703823859375 0.683923296875 0.67367068125 0.7429072375 0.71677405625 0.759004265625 0.7231875125 0.7561027046875