0 0.702282721875 0.7181712546875 0.7037189078125 0.7112679640625 0.7014741828125 0.7002327765625 0.6889599937499999 0.6956063 0.5850822921875001 0.6943444578125 0.5623698140625 0.69439400625 0.5629861625 0.6981655875 0.702282721875 0.7181712546875
0 0.5533515765625 0.66065709375 0.5484310359375 0.6680572578125 0.5494398875 0.681086790625 0.5595641078125 0.6876809671874999 0.564108146875 0.6895208562499999 0.5647241953125001 0.6932926484374999 0.6975499671875001 0.6926267484374999 0.7031336234375 0.6878433187499999 0.703423521875 0.6618379625 0.695955828125 0.656172571875 0.6890574093749999 0.6554340390625 0.6033243234375 0.6528603921875 0.56371781875 0.651866240625 0.5634560296875 0.65829098125 0.5533515765625 0.66065709375
0 0.5897483640625001 0.388701859375 0.5693619671875 0.4024949875 0.5686502703125 0.41390490625 0.5713372437500001 0.4206381265625 0.5808668109374999 0.429012984375 0.584305115625 0.425387078125 0.6099755515624999 0.42524337812499996 0.6124105421875 0.4139352609375 0.5897483640625001 0.388701859375
0 0.57227041875 0.454260021875 0.578110259375 0.46032544062499997 0.59696474375 0.45384639531250004 0.646601840625 0.4550017109375 0.61404094375 0.42237325312499996 0.5852912906250001 0.42541003125000004 0.579810234375 0.43071775625 0.5705427140625 0.44013726249999996 0.57227041875 0.454260021875
0 0.570894321875 0.496104609375 0.570823921875 0.49783233437499996 0.5859753515625 0.4974438015625 0.5949414453124999 0.49542892812500006 0.617753928125 0.4927481578125 0.701188975 0.49617250312500005 0.6439769671875 0.45481722968750005 0.5929345484375 0.455852765625 0.562656515625 0.47015684999999996 0.5558198296875 0.47845946250000004 0.5579264515625 0.4913556578125 0.5636624671875 0.4959362859375 0.570894321875 0.496104609375
0 0.591859509375 0.5306869515625 0.7053593015625 0.531105128125 0.70464413125 0.5002058468749999 0.7005414828125 0.49591044375 0.59661505 0.4947266953125 0.57679125625 0.49673605781249996 0.5693180296875 0.50249139375 0.5588699687500001 0.5247308046875 0.5639987296875 0.5280619140625 0.5722939546875 0.534431471875 0.5741287640625 0.5297800671874999 0.57423613125 0.5352178624999999 0.5890287578125 0.535562165625 0.591859509375 0.5306869515625
0 0.568268021875 0.641314775 0.5800686921875 0.6504834625 0.7106819109375 0.6508059796875 0.7180545734375 0.6475186359375 0.7196610390625 0.6403913671875 0.7196672765625001 0.6240856203125 0.714189778125 0.6212403734375 0.705186715625 0.6160897249999999 0.7020001437500001 0.613544790625 0.6023068031250001 0.6134479625 0.5907111015625001 0.6154016296875 0.582341921875 0.6189127671875 0.5755453203124999 0.6201752546875 0.5672176859375 0.6267138015625 0.568268021875 0.641314775
0 0.5638393765624999 0.5723436765625001 0.5629734328125 0.57744991875 0.5506842328125 0.5883433796875 0.5515062234375 0.6004684874999999 0.5546428046874999 0.6042474265625 0.5642628875 0.61040083125 0.5720517171874999 0.6130526671875 0.5871729734375 0.61340461875 0.656295171875 0.61278989375 0.669255959375 0.6096328343749999 0.6933030812500001 0.608957153125 0.69966945 0.6061405859375 0.7008831265625 0.584427646875 0.695616834375 0.5763990078125001 0.6865132015625 0.57371656875 0.5783134296875 0.5724335734375 0.5638393765624999 0.5723436765625001
0 0.56063818125 0.5499720906250001 0.5625253203125 0.5642219484375001 0.5648162453125 0.5645222609375 0.57144791875 0.5713472953125 0.579994578125 0.5715462203125 0.6809323218750001 0.5734013765625 0.6985557 0.5688704640625 0.707830603125 0.567356759375 0.7095778671875 0.5567740390625 0.708587875 0.540692096875 0.7016074625 0.534352925 0.5901205375 0.5329934234375 0.575864765625 0.5356263625000001 0.5744088656249999 0.53905141875 0.5685692999999999 0.5450919859375001 0.56063818125 0.5499720906250001
0 0.718069659375 0.64714839375 0.7050482296875 0.6517866328124999 0.704774525 0.7150274734375001 0.7538901250000001 0.7249412890625 0.7548731578125001 0.6564050484374999 0.749496221875 0.6510918078125 0.7410699640625 0.6479309390625 0.7393153484375 0.6263959015625 0.7186157328125 0.62566690625 0.718069659375 0.64714839375
0 0.7183901890625 0.6231294140625 0.7419776484375 0.6256547718750001 0.7529998140624999 0.613558346875 0.7561524093750001 0.6007845609375 0.7525825421875 0.55919545 0.7118784390624999 0.5386685124999999 0.7055228890625 0.6159122531250001 0.7183901890625 0.6231294140625