0 0.58424909375 0.43865895312500003 0.5770885046875 0.43434617500000006 0.5105766125 0.43182355 0.48889135625 0.43196445624999996 0.47114195312499996 0.43426371250000007 0.4630142359375 0.43848754687499997 0.4480875578125 0.438934625 0.44877042500000003 0.44510136874999995 0.4421426109375 0.4474424953125 0.4396880125 0.45036465000000003 0.44093782499999995 0.4661219359375 0.44099995468750003 0.47146125312500003 0.4474742796875 0.477905709375 0.4705817703125 0.477773078125 0.47588705 0.475401425 0.4851061484375 0.4733193921875 0.49931889218750003 0.47260131093749996 0.5604882265625 0.47429186874999996 0.5646925140625 0.46897737343749996 0.57889875625 0.4677253375 0.585610740625 0.4640271828125 0.5857303515625001 0.4437396765625 0.58424909375 0.43865895312500003
0 0.44428010156250003 0.50891984375 0.45462504531250003 0.5119164656249999 0.45609698125 0.5161961484375001 0.470328078125 0.517079928125 0.4730977046875 0.5106892515625 0.5868817921875 0.5121519953125 0.5917909859375 0.5063076843750001 0.5911280343749999 0.47987590156250004 0.581110546875 0.47447866562499996 0.4779805078125 0.47201007187500005 0.46524620156249996 0.477541790625 0.4545890484375 0.4782807734375 0.45464185625000003 0.4828190515625 0.4479363765625 0.487051378125 0.44474891562499996 0.48810045156250004 0.44428010156250003 0.50891984375
0 0.5815967046875 0.5162589421875 0.4827457953125 0.5148830765625 0.46748515937499996 0.5171968125 0.4509663046875 0.51830196875 0.4515168 0.51977328125 0.447312221875 0.525087775 0.44273359531249995 0.5287985578125001 0.4399329015625 0.5325194671875 0.44000745625000004 0.538926690625 0.4412075671875 0.5504125671875 0.449784178125 0.5541996671875 0.4491134453125 0.5576661171875 0.57175500625 0.5565110234375 0.5784732 0.5533466078125 0.5901502921875 0.548609503125 0.59164525625 0.52432594375 0.5815967046875 0.5162589421875
0 0.44250863437500004 0.570574696875 0.43759633593749997 0.5761521390625 0.43846277499999997 0.589504459375 0.439906753125 0.5913814640624999 0.45061332343749994 0.5949141046875 0.4503099421875 0.59938370625 0.46632256875 0.6006115203125 0.5651458078125 0.59958470625 0.5786129765625 0.5959258515625 0.587127459375 0.5943736359375 0.5913320343749999 0.5890591421875 0.589973209375 0.5639579968749999 0.5842410671875 0.5601874453125 0.5721244000000001 0.55771443125 0.48713674375 0.5561521546875 0.46264429218750003 0.5594800156249999 0.449832328125 0.5583376437500001 0.448815496875 0.5626028484375001 0.44495730624999996 0.567118590625 0.44250863437500004 0.570574696875
0 0.574751675 0.600174509375 0.441777596875 0.5994008890625 0.44149363125 0.605539175 0.429211040625 0.6193489140625 0.4300805859375 0.6329683203124999 0.43975479531249995 0.6394313921875 0.44255608750000003 0.6433851390624999 0.5791566015625 0.6426449265625 0.58653 0.6346794984375 0.5858605453125 0.6077137625 0.574751675 0.600174509375
0 0.432695925 0.6744273125 0.44061034687499995 0.6824150765625 0.4413843703125 0.6878253562500001 0.5498196890625 0.6879222984375 0.5515662765625 0.6852630875 0.5771718546875 0.685945975 0.58851216875 0.6828084484375 0.589227675 0.65264748125 0.5802490515625001 0.6448537703125 0.44300826875 0.6440553265625 0.4409308296875 0.6488482796875 0.4342750515625 0.6573518 0.42967467968750006 0.659193853125 0.429128203125 0.6733389375 0.432695925 0.6744273125
0 0.5954622828125 0.6995999109375 0.585042784375 0.6901960671875 0.44779578906250006 0.6888636703125 0.446052309375 0.6917899625 0.507966934375 0.696421509375 0.523255528125 0.6965104546875 0.5307062953125 0.6952189015625 0.5954622828125 0.6995999109375
0 0.6993734593750001 0.34373701562500003 0.699361084375 0.34267343437500003 0.695230484375 0.32244207812500003 0.6852901218749999 0.320257228125 0.62718818125 0.3177921828125 0.5988612046874999 0.31789315 0.581222765625 0.32364004999999996 0.5770504046875 0.3302628171875 0.56358741875 0.3296527375 0.5615184015625 0.3344267078125 0.5562528875 0.33838434375 0.55215788125 0.35165481718749997 0.55406785 0.3636307328125 0.5572829078125 0.36604244218750004 0.5626319609375 0.36926408906249997 0.5664809984375 0.365298215625 0.575340296875 0.3658815109375 0.584128434375 0.36034910781249996 0.59930675 0.3561831578125 0.62337501875 0.355259675 0.675786021875 0.35556459218750003 0.6803463921875 0.3518688421875 0.69768935625 0.351172 0.6993734593750001 0.34373701562500003
0 0.6857410374999999 0.3559148765625 0.6158818015625 0.35532874531249997 0.5977123171875001 0.3563008203125 0.5831730562499999 0.36088633125 0.5760586328125 0.366233634375 0.565305621875 0.36724885625 0.5653557874999999 0.37156005937500003 0.5617819953125001 0.37279653437500004 0.5589423828125 0.37547446875 0.5540418 0.38604364062499996 0.5546748781249999 0.3993394609375 0.5590061234375 0.40152000625 0.5685838484375 0.4074135671875 0.5693706187500001 0.40822647968750003 0.5695451640625 0.402659103125 0.5805605093749999 0.403621265625 0.5833959453124999 0.4005843359375 0.6003042046875 0.3940365296875 0.6189502874999999 0.392887740625 0.6790049453125 0.3937760203125 0.681838 0.3905591578125 0.69401424375 0.3884746484375 0.7004401890625 0.38563809375 0.69898456875 0.3633562625 0.696789828125 0.3597511765625 0.6857410374999999 0.3559148765625
0 0.5904504171875 0.397707971875 0.5823016296875 0.40338811718749995 0.569687834375 0.40353508906249996 0.5694379234375 0.4072786234375 0.5630392546875 0.4120879546875 0.562922934375 0.42728759062500005 0.56615046875 0.4273063671875 0.564309221875 0.43296828125 0.584469890625 0.4384277703125 0.5967340859375 0.4334322078125 0.680926653125 0.43260031562499995 0.68525865 0.42667760781249997 0.697288315625 0.42674759375000004 0.7069273375 0.42305868437500005 0.7079930562500001 0.413812484375 0.7047453015625 0.4120311640625 0.7029051749999999 0.40519133749999997 0.7019250125000001 0.39659408749999997 0.6942581031249999 0.39324499375 0.60770764375 0.39318217031249997 0.5904504171875 0.397707971875
0 0.57367033125 0.46843513750000004 0.5713742515625 0.47282762343750007 0.5856874359375001 0.4737369625 0.6805143140625 0.47280172656249997 0.6839735265625 0.4675347953125 0.6974729234375 0.467833690625 0.7029837203125 0.4623583390625 0.7015536921875001 0.44032058437500005 0.6970986484374999 0.43566846562499995 0.6876739328125 0.43252949999999996 0.6075836671875 0.43294454375 0.59029568125 0.43482674687499995 0.58240449375 0.43742425625000003 0.5851347703124999 0.445150475 0.5850361109375 0.461892496875 0.582753134375 0.4673864109375 0.57367033125 0.46843513750000004
0 0.6268342234375 0.4736459203125 0.601323109375 0.4748194265625 0.588377978125 0.47804838906249997 0.5914418640625 0.482912771875 0.5926094546875 0.5075926359375 0.5756300484375 0.5107981265625 0.5745153359375 0.51585855625 0.5874485453125 0.5179163640625 0.605310409375 0.5149361484375 0.6801090265624999 0.51360910625 0.6859284046874999 0.509457259375 0.7044054515625 0.5089039 0.709342084375 0.5045267765625 0.706092725 0.47741152500000006 0.6972470140625 0.47361507343750003 0.6268342234375 0.4736459203125
0 0.7109855265625 0.5449053625 0.70894060625 0.5204407515625 0.70370636875 0.5159411515625 0.6938945750000001 0.5133037375 0.6143989828125 0.5143833109375 0.5953480609375 0.5160346859375 0.5836269796875 0.5172884203125 0.5892685156249999 0.52304879375 0.5910122546875 0.546850796875 0.5872390453125 0.5503536921875 0.5767021796875 0.5524953140625 0.575587465625 0.5575555265625 0.586183290625 0.5604809484375 0.599644234375 0.5574751265625 0.684122603125 0.55598404375 0.685234753125 0.5507034578125001 0.6949250484375 0.5514206890625 0.7054644765625 0.5494994421875 0.7109855265625 0.5449053625
0 0.6869698421875 0.5989581234375 0.688383175 0.5943401453125 0.70011935 0.594408425 0.708311075 0.592418375 0.7102950421875 0.561203009375 0.7020257703125 0.5565287 0.6885289375 0.556450178125 0.593492909375 0.5583205515625 0.585308234375 0.560916571875 0.5900516421875001 0.565129653125 0.5914942 0.58826905 0.5883336078125 0.5939784312499999 0.5728085515625 0.5960910312500001 0.5705099062500001 0.6002631453125 0.582881771875 0.604520825 0.6112936046875 0.60050041875 0.6869698421875 0.5989581234375
0 0.5856813328125 0.6085238656249999 0.5865979593749999 0.6320304203125 0.5829965234375 0.639603459375 0.5833393625000001 0.643846084375 0.597415196875 0.6432671203125 0.5983210156250001 0.6454753109375 0.6995160625 0.643420628125 0.7050294203125 0.63816543125 0.720562165625 0.6367137328125 0.7263559125 0.63035903125 0.7237317 0.6065519046875 0.7166745578125 0.6051891390625 0.7088225328125 0.59781155625 0.6134489890625 0.59983220625 0.594401771875 0.6026186890624999 0.5806846078125 0.6028608796875 0.5856813328125 0.6085238656249999
0 0.5731258 0.6901818796875 0.584851528125 0.6892038890625 0.6899348265625 0.6879641578125 0.696740815625 0.6833356015625001 0.71127074375 0.6792350796875 0.7142309734375 0.6757110203125001 0.711589834375 0.6513895578125 0.70723466875 0.6455694140625 0.6964889750000001 0.6432533734375 0.578378384375 0.6441757625 0.5803474453125 0.6475676109374999 0.5876890640625 0.652117371875 0.589049534375 0.676914265625 0.5871819125 0.682215325 0.575862090625 0.6858516390625 0.5731258 0.6901818796875
0 0.5944361515625001 0.697670196875 0.5953198078125 0.6999288609375001 0.7144095828125 0.7094749124999999 0.717623434375 0.7093327203124999 0.7149608468750001 0.6923752546874999 0.7062241015625 0.6876967125 0.6757864625 0.6880025125 0.58106139375 0.6905098187500001 0.5892288890625 0.6923279765625 0.5944361515625001 0.697670196875
0 0.73148381875 0.3364533140625 0.7267280265625 0.33271028281250004 0.7250106078125 0.3268622359375 0.7084960703125 0.324997028125 0.7020989484375 0.3269942765625 0.6967990828125 0.3321823796875 0.699690665625 0.3376834765625 0.7018845109375 0.404746196875 0.7045257968749999 0.409007384375 0.7083494859374999 0.4136294484375 0.7255687625 0.4153218640625 0.7425256765625 0.4147127359375 0.7495327515625 0.40944611875000003 0.7488677906250001 0.3522994921875 0.7456544296875001 0.33936623125 0.7381246906250001 0.3402070953125 0.7378396796875 0.3359594015625 0.73148381875 0.3364533140625
0 0.7205615171875001 0.51144474375 0.7504798781249999 0.5110879125000001 0.7534976640625 0.507213434375 0.750211878125 0.42731823750000003 0.7375836984374999 0.41521487500000004 0.7071691437500001 0.413445690625 0.707276196875 0.42264573437499997 0.6995561484375 0.4273775296875 0.689895434375 0.42732132500000003 0.6880700531249999 0.43244098124999997 0.7018024078125 0.4381822546875 0.7015709265625001 0.43853469062499995 0.709296034375 0.5050987015625 0.7205615171875001 0.51144474375
0 0.7164752765625 0.6057595234375001 0.7233177765625001 0.6065953421875 0.7302667546875 0.606458878125 0.7515941515625 0.6068482937499999 0.758134146875 0.6019329578125 0.7594509828125 0.59362565625 0.76202528125 0.5313673828125001 0.758541034375 0.5154249640625 0.7516607359374999 0.5113160062500001 0.7210311703125 0.5113147 0.7129784734375 0.5077295937499999 0.70757353125 0.5089366046875 0.7071743859375 0.5151261203125 0.711993996875 0.5243535796875001 0.7083714 0.59775119375 0.7164752765625 0.6057595234375001
0 0.7690579375000001 0.720660621875 0.7695433625 0.6915170640625 0.762981403125 0.6742741703124999 0.7532483875 0.6275124453125 0.75559528125 0.6064736765625 0.7240192015625 0.60611308125 0.7276060921874999 0.63090151875 0.721069703125 0.636126759375 0.708364440625 0.637645078125 0.706082275 0.64400053125 0.7118195765625 0.6511104203125 0.718864075 0.709797953125 0.7628512671875 0.7238531015625 0.7690579375000001 0.720660621875