0 0.4253936609375 0.4106913078125 0.42094424999999996 0.4182056875 0.418341778125 0.48687628125 0.418487171875 0.5092364140625001 0.42085929375 0.52747260625 0.42521695781249996 0.5357279828125 0.42567821562499997 0.5511086859375001 0.43204033593749996 0.5502192 0.4344556421875 0.5569842546875 0.43747038125 0.5594279484375 0.45372689218750006 0.5576656875 0.4592353703125 0.5574412343749999 0.46588399531249997 0.5505705812499999 0.4657471359375 0.5267434234375 0.46330033750000005 0.521343240625 0.46115232968750003 0.51189796875 0.4604114828125 0.49726169843749995 0.462155534375 0.4341259671875 0.456672659375 0.4299496484375 0.455380940625 0.41533612187499996 0.45156561249999994 0.408525025 0.43063535000000003 0.40901105 0.4253936609375 0.4106913078125
0 0.4978807328125 0.5529332046875 0.5009722812499999 0.5421742828125 0.5053875546875 0.5405276999999999 0.5062993171875 0.5258243874999999 0.499706165625 0.523159984375 0.5012151265625 0.405768625 0.4951856484375 0.40088124062499997 0.467916446875 0.40235889374999995 0.4623482265625 0.4128522140625 0.4598015375 0.5192860890625 0.465508528125 0.53225303125 0.46627093437499995 0.543221734375 0.4709529953125 0.5430309546875 0.47531941875 0.5498192984375 0.4764017328125 0.55307506875 0.4978807328125 0.5529332046875
0 0.5054521984375 0.41109586093750006 0.504032853125 0.513083775 0.506419909375 0.5287528234375001 0.507560096875 0.5457557984375 0.5090780234375 0.5451438703125 0.5145608984375001 0.5493204859375 0.5183892515624999 0.5539310390625001 0.52222805 0.556707675 0.5288382687500001 0.5564383281249999 0.5406880421875 0.5548556296875 0.54459511875 0.545896671875 0.5481713953125 0.5464842890625 0.54697956875 0.4200367015625 0.5437148875 0.41320316718749994 0.538827690625 0.4013026796875 0.5137747703125 0.40049031093750004 0.5054521984375 0.41109586093750006
0 0.5614889562500001 0.5529081984374999 0.567243109375 0.557806803125 0.5810184625 0.5565121609375 0.5829549296875001 0.55496658125 0.5865994828125001 0.5438186046875 0.5912106921875 0.5439972328125 0.5924773890624999 0.5274462640625 0.59141793125 0.42555905625 0.5876431421875 0.41178004531249995 0.5860417390625 0.4030455421875 0.580558865625 0.3988689265625 0.554662459375 0.4010242796875 0.550772453125 0.4070491890625 0.5482211046875001 0.41961959374999996 0.5466094234375001 0.507315703125 0.5500427453125 0.5324752140625 0.5488641953125 0.5457227203125 0.5532645328125 0.5466432796875 0.557923346875 0.55048665625 0.5614889562500001 0.5529081984374999
0 0.5920264093750001 0.41563465156249996 0.5912284265625 0.5527962671875 0.5975611890625 0.552904746875 0.6118084671874999 0.565157178125 0.6258593640625 0.5638513109375001 0.6325271906250001 0.5536800046875 0.6366062 0.550672225 0.6358423828124999 0.409816078125 0.627624584375 0.4024510296875 0.5998045125 0.40395142812499996 0.5920264093750001 0.41563465156249996
0 0.6686318703125 0.5599087484374999 0.6768726968750001 0.5515065421875 0.6824543859375 0.5505457687499999 0.682554278125 0.438711709375 0.6798108171874999 0.4369903 0.6805153109375001 0.410562328125 0.6772783671875 0.3989611171875 0.6461618312499999 0.3991291609375 0.638121209375 0.40862306718749997 0.6372976203125 0.550185753125 0.6422424265625 0.55218428125 0.651015365625 0.5587930734375 0.652915784375 0.563482184375 0.6675090171875 0.56362089375 0.6686318703125 0.5599087484374999
0 0.694601815625 0.391288978125 0.6849000453125 0.4023172453125 0.6835255874999999 0.5439023781250001 0.6865445953125 0.5456125593750001 0.6913228109375 0.48161985781250005 0.6914145578124999 0.46584980312499996 0.6900820750000001 0.4582044984375 0.694601815625 0.391288978125
0 0.32746425156250003 0.294812840625 0.3263669734375 0.2948575515625 0.30549464375 0.29972520468749997 0.303240584375 0.3100424921875 0.3006975046875 0.37003803281250003 0.3008017015625 0.3992490828125 0.3067306984375 0.4172672765625 0.31356329375 0.42137137031250005 0.3129339 0.43527429843750004 0.317859121875 0.43726471250000004 0.32194215000000004 0.442576246875 0.33563306875 0.4464008875 0.34798840625 0.444071378125 0.3504765203125 0.44068319218749996 0.3538002328125 0.43506985781249996 0.3497087046875 0.43121940312499996 0.350310471875 0.4220651421875 0.344602778125 0.4131679703125 0.340304825 0.3976394546875 0.33935205625 0.3728451875 0.3396665765625 0.3187836890625 0.3358537328125 0.3141915125 0.33513479375 0.2963263578125 0.32746425156250003 0.294812840625
0 0.3400279484375 0.30850639375 0.339423325 0.380570990625 0.3404262171875 0.39928028437499996 0.345157025 0.41413712968749994 0.35067375 0.42131373437499997 0.3517211484375 0.43237299843750004 0.35616893906249997 0.432191765625 0.35744459375000004 0.435840334375 0.360207375 0.43868843750000003 0.37111140625 0.4434250171875 0.38482846875 0.4423727421875 0.3870780921875 0.4378403609375 0.393158365625 0.4277856640625 0.393997034375 0.42694983906250006 0.3882532671875 0.426937059375 0.389245903125 0.415547846875 0.38611275312500004 0.4127148375 0.379357478125 0.395473746875 0.378172271875 0.3762782375 0.37908862656250003 0.31431618906250003 0.3757698421875 0.3114910390625 0.3736192796875 0.29899608906249997 0.3706928484375 0.2924541078125 0.3477050796875 0.2946246 0.34398577812500003 0.29699636093750004 0.3400279484375 0.30850639375
0 0.38314525 0.4055258390625 0.3890053640625 0.413759203125 0.3891570078125 0.42676360625000004 0.393019146875 0.426908896875 0.3979808546875 0.43336349218750003 0.41366205 0.43302689687499996 0.41368141875 0.4296977234375 0.41952271718749995 0.4314265609375 0.42515515312499996 0.410470540625 0.4200013046875 0.397972328125 0.41914296406249996 0.31116811875 0.41303260625 0.3068783625 0.413104796875 0.294469865625 0.40929900156250004 0.2846397859375 0.39975985937499997 0.28381842343749997 0.39792210781250004 0.28722139375 0.39086558125000004 0.2893245984375 0.3819959515625 0.29059369375 0.3785407578125 0.2986013046875 0.37847604218750003 0.38786411875 0.38314525 0.4055258390625
0 0.45611323437499995 0.4207069625 0.46064488593749997 0.42294300937499996 0.46158302031250004 0.40815427031249996 0.4606180484375 0.310385825 0.4551842453125 0.30697648593750004 0.45549259375 0.29304535625 0.449843765625 0.287526446875 0.42710780625 0.28966321562499997 0.42230829999999997 0.2943975125 0.41906989687499996 0.3042116640625 0.41949817968750003 0.386797621875 0.42144003437500005 0.40457047343749997 0.42411984687500004 0.41263076249999997 0.4320908484375 0.4095829078125 0.44936329375 0.40918177031249997 0.4550312703125 0.41137121875 0.45611323437499995 0.4207069625
0 0.46148904843749994 0.3657216390625 0.46269976249999994 0.3919964265625 0.4660310390625 0.40524996562500004 0.47104953437499997 0.4019440140625 0.4965113109375 0.39999854375 0.49981837812499996 0.41741340156250006 0.505039134375 0.4184110203125 0.507162125 0.40501097656249996 0.50408746875 0.38667925625 0.5027182984375 0.309578059375 0.49843490468749996 0.303701146875 0.4978639953125 0.28466208593750003 0.4933481890625 0.27970233125 0.465373865625 0.28386792031249997 0.46145714375 0.2931046859375 0.46148904843749994 0.3657216390625
0 0.5350060578125 0.276794553125 0.50976635625 0.2796383671875 0.5051242046875 0.2851716796875 0.502403240625 0.295369965625 0.50351710625 0.37732266718749996 0.5052208203124999 0.396920596875 0.5065142890625001 0.40897108125 0.5124571609374999 0.40297984531250003 0.5370132625 0.400466546875 0.5406271421875 0.40425270468749996 0.5428366265625 0.4150552203125 0.548057159375 0.4160528484375 0.5510752531249999 0.405037325 0.5479741859375 0.39124511875 0.5464357671875 0.304165959375 0.54098788125 0.3031775953125 0.5417278234375 0.293162290625 0.5397456953125 0.2823505109375 0.5350060578125 0.276794553125
0 0.5907713625000001 0.29993872499999996 0.586007075 0.29861984375 0.5860775046875 0.28651408125 0.5840243953125 0.27812559375 0.5518200531249999 0.27701712343749996 0.5469976609375 0.285685765625 0.546916665625 0.29960763125 0.548846403125 0.3975636859375 0.5515246796875 0.40592670000000003 0.5558712375 0.400908196875 0.5797437390625 0.3987254140625 0.5856340125 0.4018134921875 0.587813559375 0.41776128437500004 0.5921178593749999 0.42000659531249995 0.59651041875 0.4071193953125 0.5923626046875 0.3779385625 0.5907713625000001 0.29993872499999996
0 0.6006402828125 0.40411191874999997 0.6248915765625 0.4024605140625 0.6327045515624999 0.40594725781249996 0.6370815921874999 0.405466246875 0.6364842687500001 0.39096699375 0.6387624203125 0.3899664796875 0.6366425265625 0.2856640625 0.631220828125 0.28013589843750003 0.6297231187500001 0.2641603234375 0.623167078125 0.2583760140625 0.5986056921875 0.2617975125 0.5971997578125 0.2691165953125 0.5895884453125 0.277436121875 0.5916732203125 0.3757357484375 0.5945480062499999 0.3952957625 0.5947978828125 0.4094352265625 0.6006402828125 0.40411191874999997
0 0.6848854234374999 0.4146078578125 0.6838764328125 0.4025442953125 0.6825973109375 0.2942073796875 0.677822103125 0.28732728125 0.6735916515625 0.2724654921875 0.6699559359375 0.2695184109375 0.6448639171874999 0.2729728171875 0.6388593828125 0.2776391921875 0.6364699765624999 0.288790971875 0.6374217203125 0.41057268281250003 0.640921028125 0.408440075 0.6456149265625 0.40073187812500005 0.67119744375 0.3985839703125 0.676666453125 0.40035084843749996 0.6804179875 0.41191594531250003 0.6848854234374999 0.4146078578125
0 0.6926109640625 0.3924052078125 0.6949411875 0.391426034375 0.7047895453125 0.2683200328125 0.704642846875 0.2650098015625 0.6871481312500001 0.2682651328125 0.682321371875 0.2774160125 0.68263689375 0.30879767343750003 0.6852237421875 0.4064138953125 0.6870994968749999 0.3979360109375 0.6926109640625 0.3924052078125
0 0.3199497484375 0.26191567656250003 0.316088134375 0.2669328359375 0.3100548078125 0.26887969843750004 0.3081305265625 0.2859674421875 0.3101910578125 0.29250490625 0.3155435390625 0.2978149109375 0.32121891874999997 0.29466753125 0.390406340625 0.290390596875 0.394802528125 0.28753860000000003 0.399571025 0.28345633124999997 0.40131704062500007 0.2656469671875 0.4006885953125 0.24817731875 0.3952551125 0.24110900000000002 0.33629794999999996 0.24351132031249997 0.3229549375 0.24721379375 0.32382245 0.2549540828125 0.3194401796875 0.2553756078125 0.3199497484375 0.26191567656250003
0 0.5004853203125 0.26792374531249996 0.5001171515625 0.237079159375 0.496119915625 0.23408324687499998 0.413693459375 0.2398717734375 0.4012066484375 0.25325898125 0.399381446875 0.28467915625 0.40887296875 0.28429240624999996 0.4137546859375 0.2921120890625 0.4136967109375 0.3020770328125 0.41897857343749995 0.3038057984375 0.42490172812500004 0.2894709375 0.42526532968749997 0.28969908437499997 0.493938234375 0.2797326421875 0.5004853203125 0.26792374531249996
0 0.5977882140624999 0.26930498593749996 0.5986505046875 0.2622230953125 0.5985097109375 0.2550605984375 0.598911440625 0.2330536 0.5938403671875 0.2264564375 0.58526986875 0.22534789375000003 0.5210391078125001 0.22456305156249998 0.5045916 0.22863528125000002 0.50035246875 0.2358544703125 0.50035115625 0.267443290625 0.496652475 0.27585585625000003 0.49789773125 0.2813938078125 0.5042833453125 0.2816195359375 0.5138031484375001 0.2763718234375 0.5895261703125 0.2779031953125 0.5977882140624999 0.26930498593749996
0 0.7163295859375001 0.21162428437499997 0.6862626921875 0.211999053125 0.6684735093749999 0.21928444218749998 0.6202302765625001 0.23072686406249998 0.5985249484375 0.228938421875 0.5981529640625001 0.2615141890625 0.6237267531249999 0.2570703890625 0.629117546875 0.26365452500000003 0.6306839859375 0.276712065625 0.6372407953125 0.2788748015625 0.6445759359375 0.2727442640625 0.705122815625 0.263716334375 0.7196232171875 0.21792943125000003 0.7163295859375001 0.21162428437499997