0 0.43803328906249994 0.41787027187500003 0.433650021875 0.42516607500000003 0.43145827812500004 0.4933820921875 0.43173235625000006 0.51563445625 0.4341979578125 0.5338741140625001 0.43858122499999996 0.542264184375 0.4391291609375 0.5575854015624999 0.44545374843749996 0.55695835625 0.4478959171875 0.5637869390625 0.4509094546875 0.566340425 0.4670730140625 0.5652461578125 0.472552153125 0.5652461578125 0.4791271640625 0.5586799640625 0.478853084375 0.53496838125 0.4763874828125 0.5294964531249999 0.4741957390625 0.5200121156249999 0.4733739453125 0.5054202125 0.47474367500000003 0.4426761234375 0.46926453593749995 0.438298759375 0.46789480625 0.4237071515625 0.4640594765625 0.41677600468750003 0.4432385703125 0.41641105156249997 0.43803328906249994 0.41787027187500003
0 0.5109747 0.56232771875 0.5139882375 0.5517488171875 0.5183715046875 0.5502895984375 0.5191935203125 0.535697990625 0.512618509375 0.532779846875 0.5134403015625 0.41604639531250004 0.5074132265625 0.4109394203125 0.48029138906249996 0.41130407812499997 0.47481225 0.421518321875 0.472894584375 0.5273079203125 0.47864758125 0.5404403078125 0.479469596875 0.5513841609375 0.4841267203125 0.5513841609375 0.48851020937499995 0.5583150125 0.489605859375 0.561598109375 0.5109747 0.56232771875
0 0.517686640625 0.421518321875 0.516864846875 0.522930259375 0.5193304484375 0.5386164296875 0.5205632484375 0.555579196875 0.5220699062499999 0.555031915625 0.5275490453125 0.559409575 0.5313845984375 0.564151890625 0.5352199296875 0.5670700359375 0.541794940625 0.5670700359375 0.5535752328125 0.56597576875 0.5574105640625 0.5572207453125 0.5609720375 0.5579503546875 0.5590543718750001 0.432097221875 0.5557667546875 0.42516607500000003 0.550835553125 0.41312795468749997 0.525905459375 0.41130407812499997 0.517686640625 0.421518321875
0 0.5742589875 0.5648815015624999 0.5800122062499999 0.5699884749999999 0.5937099421875 0.5692588656249999 0.5956276078125 0.5677996453125 0.59918908125 0.5568560875 0.6037778515625 0.5572207453125 0.6049422984375 0.540805259375 0.6032984906250001 0.4393930265625 0.5994631609375001 0.425531028125 0.5978193515625 0.41677600468750003 0.5923402125 0.41239834531249997 0.5665881046875 0.41349290781250003 0.5627527734375 0.41932949218750004 0.5602871734375 0.43173256562500006 0.5591913 0.518917553125 0.5627527734375 0.54408835625 0.5616569015625 0.5572207453125 0.5660401687500001 0.5583150125 0.5706975140625 0.56232771875 0.5742589875 0.5648815015624999
0 0.6038464265625 0.42954373593749995 0.6038464265625 0.56597576875 0.61014758125 0.566340425 0.6243932531249999 0.57910815625 0.63836506875 0.578378546875 0.6449400796875 0.5685292546875 0.6489809140625 0.565702128125 0.64740568125 0.425531028125 0.6391870843749999 0.41787027187500003 0.6115173109375001 0.418235225 0.6038464265625 0.42954373593749995
0 0.6808970265625 0.5761900125 0.6890472703125 0.5681645984375 0.694594984375 0.5674349875 0.6940470484375 0.4561734640625 0.6913075906249999 0.45434958593749997 0.6918555265624999 0.428084515625 0.688567909375 0.41641105156249997 0.657610740625 0.415316784375 0.6496660015625 0.42443646562500004 0.6496660015625 0.5652461578125 0.654597203125 0.5674349875 0.6633637375 0.5743658390624999 0.665281625 0.57910815625 0.6798013765625 0.579837765625 0.6808970265625 0.5761900125
0 0.705758765625 0.4094802015625 0.6961702171875 0.42005910156250004 0.69562228125 0.56086879375 0.6986358187499999 0.562692671875 0.7030193078125 0.499218971875 0.7030193078125 0.48353280156249995 0.70164935625 0.47587234062499995 0.705758765625 0.4094802015625
0 0.339931646875 0.29861081562499997 0.33884021249999996 0.29861081562499997 0.3181023078125 0.302607565625 0.315919440625 0.31278102812499997 0.3137365734375 0.37236849843750003 0.3140093203125 0.40143528437500003 0.32001242812499997 0.4196022453125 0.3268339984375 0.4239624703125 0.3262882828125 0.43776920781250006 0.33119995625 0.43994917187500004 0.3352929421875 0.44539923124999997 0.34893630781249996 0.44975945624999997 0.36121526875 0.44794267187500003 0.36367110468749997 0.4446725765625 0.36694540625 0.43922251718750005 0.36285241875 0.43522576874999996 0.3633981359375 0.426142434375 0.3576679984375 0.4170591015625 0.3533020421875 0.40143528437500003 0.3522106078125 0.37672842812499996 0.3522106078125 0.3229544921875 0.348390590625 0.3182310875 0.3475719046875 0.3004276 0.339931646875 0.29861081562499997
0 0.352510653125 0.3127440890625 0.35232623125 0.3844178484375 0.35343231249999996 0.4030726953125 0.3582250328125 0.41804580312499995 0.363755215625 0.42540957500000004 0.3648612953125 0.4364550828125 0.369285396875 0.4364550828125 0.3705756765625 0.4401368203125 0.373340878125 0.443082446875 0.384216821875 0.44823699687499996 0.3978579671875 0.44774615781250005 0.40006990625 0.44332801406250005 0.40606102968749996 0.433570921875 0.40689059062500005 0.4327733453125 0.4011759875 0.432527778125 0.402097646875 0.42123670156250004 0.3989640484375 0.41829107499999996 0.3921433640625 0.40086377031250003 0.390853084375 0.3817177890625 0.391406125 0.3201078609375 0.3880878828125 0.31716252968749997 0.38587594375 0.3046439125 0.3829265421875 0.29801654843750003 0.360068353125 0.2992440890625 0.3563817125 0.30145301406249997 0.352510653125 0.3127440890625
0 0.395970040625 0.411018321875 0.40184798125 0.41944739999999997 0.40207412343750004 0.43239184374999995 0.40591744375000005 0.4326929671875 0.41089125624999995 0.43931589843749996 0.4264906796875 0.43961672500000004 0.4264906796875 0.436305259375 0.43231225 0.438262115625 0.43779471875000003 0.4176409578125 0.43259476250000006 0.40499734062500004 0.43123834843750003 0.31859958593750004 0.425134265625 0.314083925 0.425134265625 0.3017414296875 0.42129094531250005 0.2918070328125 0.41179560625 0.2906031328125 0.40998690625 0.293914303125 0.40297847343750004 0.29572074531250003 0.394161340625 0.2966238171875 0.390770084375 0.30445065 0.3912223703125 0.3932570921875 0.395970040625 0.411018321875
0 0.46865446093749996 0.429080378125 0.4731759875 0.4314887703125 0.47402374687500004 0.4168132390625 0.47249778124999997 0.319502659375 0.4670719046875 0.3158903671875 0.467298046875 0.302042553125 0.461646028125 0.2963226953125 0.43903817187499994 0.29752689062500004 0.4342905015625 0.302042553125 0.43112538906250003 0.31167553125 0.432029515625 0.3938590421875 0.43406435937500004 0.41162027187500005 0.4367771859375 0.4197482265625 0.44468996875 0.41703900781250003 0.4618721703125 0.4173401296875 0.46752396875 0.4197482265625 0.46865446093749996 0.429080378125
0 0.47368464218749995 0.37459249375 0.47504127812499997 0.4007828015625 0.4784323125 0.41410401874999997 0.483406125 0.411018321875 0.5087270312500001 0.410114953125 0.5121180640625 0.4275753546875 0.5173180203125 0.42877955156249997 0.519352640625 0.41553368749999997 0.516187528125 0.39717050781249996 0.51437905 0.3204057328125 0.5100834437499999 0.314385046875 0.5094052375 0.295419621875 0.5048837109375001 0.290302009375 0.4770758984375 0.2933123515625 0.473232578125 0.30234338125 0.47368464218749995 0.37459249375
0 0.54631269375 0.2890978125 0.52121793125 0.290903959375 0.5166314390625 0.296220953125 0.51398335625 0.30625709218749997 0.5155659125 0.38783835624999996 0.5173743890625 0.4074057328125 0.518731025 0.41944739999999997 0.5246089656249999 0.41372754062499995 0.549025521875 0.41222251718749997 0.5526429203125 0.416135934375 0.5549036843749999 0.426973109375 0.5601034171875 0.42817730468750004 0.5630423875 0.4173401296875 0.5598772750000001 0.40349231718749995 0.5578426546874999 0.3167934390625 0.552416778125 0.31558924374999997 0.553094984375 0.305654846875 0.5510603640625 0.294817671875 0.54631269375 0.2890978125
0 0.6019280953125 0.314385046875 0.5971804265625 0.312879728125 0.5971804265625 0.30083835625 0.5950892140625 0.2924092796875 0.5630423875 0.2900008859375 0.55829471875 0.2984299640625 0.55829471875 0.312277778125 0.560781625 0.40981412500000003 0.5634946734375 0.418243203125 0.5677900578124999 0.41342641875 0.5915284062499999 0.41222251718749997 0.5974065687500001 0.41553368749999997 0.5996673328125001 0.4314887703125 0.603962715625 0.4338971625 0.608258321875 0.42125354687499994 0.603962715625 0.3920528953125 0.6019280953125 0.314385046875
0 0.61234975625 0.4184287828125 0.6364680421875 0.4177689125 0.6442614296875 0.42155466875 0.6486134046875 0.42125354687499994 0.647935196875 0.4068037828125 0.6501959609375 0.405900709375 0.647483134375 0.302042553125 0.642057034375 0.2963226953125 0.640474478125 0.2803676125 0.6339183312500001 0.2743469265625 0.609501775 0.27675531875 0.6081453625 0.28398020156250003 0.6006209499999999 0.2919488765625 0.6032640921875 0.3898333328125 0.6062374609375001 0.4094104609375 0.606567909375 0.4234881796875 0.61234975625 0.4184287828125
0 0.6962268093749999 0.43228664375000003 0.6951531296875 0.42024349843750003 0.693253440625 0.3124054375 0.6884627156249999 0.305366725 0.6841677765624999 0.2904089828125 0.6805335109375 0.2873294921875 0.6555892140624999 0.28974911406250003 0.6496422546875 0.2941483453125 0.6473295609374999 0.305146571875 0.6489813578125 0.4263478125 0.6524505109375001 0.4243679078125 0.6570758984375 0.416889184375 0.68251575625 0.41578930312500006 0.6879671546874999 0.4177689125 0.6917665328125 0.4294273046875 0.6962268093749999 0.43228664375000003
0 0.7037845093749999 0.410510046875 0.706097203125 0.40963031875 0.7151828671875 0.28754935000000004 0.7150177546875 0.28425 0.6976309359374999 0.2867795515625 0.6928817125 0.2956882390625 0.693377275 0.32692316718750003 0.696515978125 0.42414805 0.6983331109375001 0.41578930312500006 0.7037845093749999 0.410510046875
0 0.3322649796875 0.265576240625 0.3284520640625 0.270411346875 0.32246071875000004 0.2721037234375 0.3206451390625 0.2890265953125 0.322733021875 0.29561436093750004 0.3280889921875 0.3011143609375 0.333717265625 0.2982130609375 0.40252774062499996 0.29676270625 0.4068850421875 0.294103428125 0.4116056375 0.290235225 0.4132396796875 0.272587175 0.41251331562500004 0.2551808515625 0.40706657812499997 0.2479281921875 0.34842343593749997 0.2479281921875 0.3351697734375 0.251070921875 0.3360776734375 0.2588070328125 0.3317201515625 0.259048759375 0.3322649796875 0.265576240625
0 0.5119163343750001 0.2788726359375 0.5113715046875 0.24816991718749998 0.507377275 0.2450271875 0.42540390625 0.247444740625 0.4130581453125 0.2602576828125 0.4114241015625 0.2914441484375 0.42086506874999996 0.2914441484375 0.4257672 0.29942198593749997 0.4257672 0.309333925 0.43103217968749996 0.31126802656249997 0.43684221093750003 0.29724615781249997 0.43720528124999997 0.297487884375 0.505470928125 0.2903560875 0.5119163343750001 0.2788726359375
0 0.6087319124999999 0.2841914890625 0.6095488234374999 0.27718055625 0.6093672875 0.270048759375 0.6096395921875 0.24816991718749998 0.604556146875 0.241400709375 0.5960228578125 0.2399503546875 0.5321145140625 0.236565603125 0.5157743015625 0.2399503546875 0.5115985359375 0.2469609921875 0.5117800703125 0.27838918437500004 0.5081489125 0.2866090421875 0.509419884375 0.2921693265625 0.5157743015625 0.292652778125 0.52521526875 0.28781767187499996 0.6005616953125 0.29241105156249997 0.6087319124999999 0.2841914890625
0 0.726335996875 0.2316096328125 0.6964243234375 0.23076359375000002 0.678767865625 0.23729077968749998 0.630836440625 0.24671926718749998 0.6092312468750001 0.24405998750000002 0.6090497109374999 0.2764550828125 0.6344675984375 0.2730706265625 0.6398690640625 0.27983983437500004 0.64150310625 0.292894503125 0.6480390593750001 0.29531205625 0.6553013765625 0.289510046875 0.71548779375 0.282982565625 0.72964935625 0.238016253125 0.726335996875 0.2316096328125