0 0.5501000765625 0.5751045718750001 0.55584988125 0.5748032375000001 0.5728721359375 0.5750634328124999 0.57589400625 0.5722161703124999 0.5780810015625 0.5649108671875 0.5847525296875 0.5652215234375 0.5844843187500001 0.549101909375 0.5886223625 0.5400500640625 0.59020593125 0.520760203125 0.5892688749999999 0.49737695000000004 0.58321454375 0.425860871875 0.578213215625 0.41844029374999997 0.5726704875 0.4171941765625 0.5508411265625 0.4187225109375 0.54719779375 0.426212140625 0.546563459375 0.4416107546875 0.5410545671875 0.44650895156250003 0.545945125 0.5123239296875 0.545885809375 0.5276927203125 0.5441077734374999 0.5377731765625 0.5418215234375 0.5436550859375 0.5428388875 0.568570728125 0.5501000765625 0.5751045718750001
0 0.506267659375 0.543213796875 0.49952844843750005 0.5466398703124999 0.50119413125 0.5619179484375 0.5058742374999999 0.5632092734375 0.509618859375 0.5741529046875 0.5320031546874999 0.57221149375 0.5329722421875001 0.5687035125000001 0.5371908265625 0.5611840453125 0.5420780109375001 0.56092791875 0.5423383312500001 0.5493900921875 0.5476527703125 0.535282803125 0.5398181703125 0.424293990625 0.533506215625 0.413868903125 0.5050245062500001 0.414977571875 0.4989807640625 0.420672096875 0.506267659375 0.543213796875
0 0.4920651484375 0.5719999671875 0.49757402500000003 0.5671014624999999 0.4991852328125 0.567593325 0.49954537343750005 0.5497121828125 0.501269475 0.53310385 0.4948258109375 0.42665194062499995 0.4856388375 0.41637752499999997 0.45957759062500003 0.41966393125 0.455065315625 0.43257688749999995 0.451996753125 0.44003639375 0.45691077187499995 0.57230573125 0.460608025 0.5713436671875 0.4651146578125 0.58032676875 0.47753711406250005 0.5808280296875 0.48443692812499994 0.580466425 0.48830111875000004 0.5771910234375001 0.4920651484375 0.5719999671875
0 0.4092304203125 0.435363296875 0.40596853125 0.4501313171875 0.40982481249999997 0.5567191375 0.411950221875 0.5738937140625 0.41674560468750005 0.5732584046875 0.4210853 0.58455484375 0.42317800468750005 0.58598176875 0.43759255625 0.585994634375 0.44334891406250004 0.58031516875 0.4469457734375 0.5774374609375 0.451612346875 0.5729674046875 0.4561519203125 0.5715772015625 0.45427916250000006 0.5578465765625 0.456631278125 0.531217746875 0.45068298437500004 0.439721253125 0.44741297187500007 0.42683184374999994 0.44306695781250005 0.42091352187500003 0.41598246874999995 0.42118035625 0.4104735921875 0.4260788609375 0.4092304203125 0.435363296875
0 0.396179271875 0.42836459375 0.36712254375 0.42950308593750003 0.358919565625 0.43799997812499997 0.36498093125 0.5852864046875 0.3693769734375 0.5880330609375 0.3768188484375 0.598014628125 0.39152101875 0.59801241875 0.40576773906249997 0.583821003125 0.41236009687499997 0.58309151875 0.4048514640625 0.43981828125 0.396179271875 0.42836459375
0 0.31166057187499996 0.4727440578125 0.317208921875 0.589614778125 0.3230708453125 0.5900758671874999 0.332065390625 0.5980554703125 0.333415921875 0.601825878125 0.3486127859375 0.60026114375 0.35036441875 0.595175553125 0.3591825703125 0.5874150328125001 0.3642369078125 0.5848452484375 0.3564873484375 0.436974840625 0.347648234375 0.42783479843750005 0.3152220234375 0.43068647968749996 0.3124144578125 0.4431261 0.3144349796875 0.4706780640625 0.31166057187499996 0.4727440578125
0 0.31270747656250003 0.5848568984375 0.31576950312499996 0.5827758296875001 0.3074449390625 0.43493555625 0.2968005046875 0.42435352968749995 0.30476685468750003 0.4938488109375 0.3037508265625 0.5019687375 0.30461412656250003 0.5184414703125 0.31270747656250003 0.5848568984375
0 0.6604810578125 0.445795896875 0.6734665796875 0.44702847968750004 0.6875439515624999 0.44169927812500004 0.69153918125 0.43575083125 0.6965735125 0.4331914296875 0.695240975 0.418722384375 0.702159559375 0.413768359375 0.7074593859375 0.3943602859375 0.7061458953125 0.3638209859375 0.7005757578125 0.30136563125000004 0.6977251546875001 0.290802084375 0.6757428453125 0.2877454390625 0.6745974953125 0.28780546406249996 0.6666798015625 0.2901335390625 0.6668005 0.30887478281249997 0.6630517328125001 0.314045125 0.66601121875 0.3705154828125 0.6662256265625001 0.39652125625 0.6625038625 0.41316862343749994 0.6569905671875 0.423022565625 0.65806315 0.432531359375 0.653987934375 0.43695362031249996 0.6577239328125 0.44249689062500003 0.6604810578125 0.445795896875
0 0.6176979328125001 0.43180575 0.611714546875 0.43237791718749996 0.6126289828125 0.43316986249999995 0.619453053125 0.44308672031249996 0.622017415625 0.44760475624999996 0.6363594406249999 0.44736999062500005 0.6474889640625 0.44135883124999997 0.6502286515625 0.4381134234375 0.6513800421875 0.43417610937499995 0.656022690625 0.4339327984375 0.6565755156249999 0.42227259687499996 0.6619736140625 0.4142354375 0.6661790375 0.3982479390625 0.6663130749999999 0.3785968375 0.6621749296874999 0.3033392359375 0.6574912281249999 0.29169487968749996 0.6535008999999999 0.2895779453125 0.629445971875 0.289545975 0.6267156140625 0.2966678671875 0.6250833765625 0.3099358625 0.6217633124999999 0.31321137499999996 0.6257344171875 0.3778802375 0.6254341125 0.3980572296875 0.6192356140624999 0.41673351875 0.61610933125 0.41999918750000004 0.6176979328125001 0.43180575
0 0.5832119312499999 0.404622765625 0.5784509515625 0.4181863609375 0.58533915 0.43954002187499996 0.59134060625 0.437164875 0.59152285625 0.4406423890625 0.607876325 0.43946856093750003 0.6127313437499999 0.43223998750000003 0.6167479484375 0.4317123953125 0.6162728578125 0.41810643281250004 0.6219772640625 0.40893142187500003 0.6259819640625001 0.39001847343749996 0.6215690671874999 0.2967340765625 0.61757953125 0.2887012859375 0.6082771359375 0.2882378421875 0.6008230703125 0.2867262578125 0.5987427890625 0.2833485265625 0.58884464375 0.2851350078125 0.5853582125 0.295778921875 0.586037490625 0.3087403140625 0.579880390625 0.3138181125 0.5832119312499999 0.404622765625
0 0.5411281375 0.2984140125 0.5421275750000001 0.31294376874999996 0.5366324703124999 0.3170356 0.540386678125 0.41930961250000004 0.5420839921875 0.43467440625 0.5466963328125 0.43189657812500004 0.54736906875 0.42203430624999994 0.55316753125 0.41919462812499997 0.5711819515625 0.417933440625 0.579634725 0.42034333437500004 0.5820342359375 0.4116586171875 0.5831920984375001 0.392894865625 0.5796178609375 0.306540646875 0.5757662375 0.29659870625 0.5705355125 0.29211771875000003 0.5467445671875 0.292096496875 0.5411281375 0.2984140125
0 0.5036004265625 0.4141840171875 0.5302218875 0.41374011718750003 0.5356112265624999 0.4167069984375 0.538436634375 0.4025313125 0.538418884375 0.374953115625 0.534917 0.299056303125 0.53038679375 0.289783796875 0.501039615625 0.2881518421875 0.49657637968749996 0.29377474062500003 0.4969084453125 0.313728459375 0.492731990625 0.3202872875 0.49505897968749996 0.40100079375000003 0.492748140625 0.420458840625 0.495612265625 0.4342570015625 0.501002821875 0.4327064421875 0.5036004265625 0.4141840171875
0 0.48713275312500004 0.4188512078125 0.4936158578125 0.4245346125 0.4943767890625 0.41181452187499995 0.4951977 0.3911665046875 0.49236855312500005 0.305407421875 0.489037309375 0.29501366875 0.48393162187499994 0.289682303125 0.457497790625 0.2891657203125 0.452830384375 0.2954334984375 0.45129168750000004 0.3069259875 0.4525501421875 0.31732123125 0.44692250624999996 0.31888421718750004 0.449558909375 0.410042390625 0.446999565625 0.42475865468749996 0.45068015 0.4359776125 0.4560704734375 0.434427065625 0.4578464859375 0.422922140625 0.46142720625000005 0.4186135453125 0.48713275312500004 0.4188512078125
0 0.4454374625 0.29962479062499997 0.4399913609375 0.2910341546875 0.40649398750000004 0.2953257828125 0.40476337031250004 0.304292534375 0.4054260765625 0.31693770468750004 0.40052672031250003 0.31877961250000003 0.40266609531249997 0.40045390937500003 0.3997653671875 0.43135503125 0.4049690234375 0.44439640156250004 0.40934404999999996 0.4416310125 0.4108383953125 0.42475154843749996 0.4168247015625 0.4209510640625 0.4418019703125 0.420909803125 0.44657463750000004 0.4257318875 0.4489578109375 0.41673093593750005 0.44619958750000005 0.3141669859375 0.4454374625 0.29962479062499997
0 0.3549110796875 0.41753877968750003 0.357333225 0.41836280156249994 0.35741676718750004 0.4335744265625 0.3620003 0.4336513046875 0.36997032343749997 0.42924710624999995 0.39531635625 0.4286136390625 0.401662271875 0.43360875156249995 0.40123426562500003 0.41880695 0.4032770765625 0.398084628125 0.40066365 0.295146521875 0.3923289734375 0.287192084375 0.390507928125 0.27967951874999997 0.3647526609375 0.278493190625 0.35820399687500004 0.28517634062499997 0.3574213609375 0.30201850625 0.3520420140625 0.308323596875 0.3549110796875 0.41753877968750003
0 0.312904909375 0.298124209375 0.3092210109375 0.314068196875 0.304581009375 0.321723328125 0.3085224203125 0.4350732640625 0.308058503125 0.44777934375 0.31258174843750003 0.44453132812499996 0.3159271859375 0.43207938749999997 0.32153892968750003 0.42970070312499997 0.34829603593749997 0.42945663125 0.3535615125 0.43705598281249997 0.3573110046875 0.43894437656249996 0.3523740046875 0.311574815625 0.34934176875 0.3001522875 0.34285891875 0.295859525 0.31654922343749997 0.294690428125 0.312904909375 0.298124209375
0 0.30730713593750003 0.43924855625000003 0.30525005 0.3369758421875 0.30405105625 0.30414742499999997 0.29857692812500003 0.2950532140625 0.2801919953125 0.2933530390625 0.28020030937499996 0.2968269125 0.296453609375 0.42452978750000003 0.2989289671875 0.42532643906249995 0.3049402078125 0.43057060625 0.30730713593750003 0.43924855625000003
0 0.681096971875 0.28704599375 0.687162953125 0.289783240625 0.692480809375 0.2837128890625 0.6943092703125 0.2766799625 0.691472640625 0.259008365625 0.685092184375 0.25756063125 0.6808248109374999 0.2526927734375 0.681037309375 0.245808015625 0.6764512234375 0.24579381718749999 0.6769782109375 0.237619859375 0.6628968640624999 0.23504844687499998 0.601356784375 0.2382736265625 0.5960401359375 0.24618951406249998 0.5962358578125 0.2645086015625 0.5989218968750001 0.282951721875 0.604088575 0.286754275 0.6088074781249999 0.2893072625 0.681096971875 0.28704599375
0 0.4959311390625 0.24074391093749997 0.49191255937499995 0.2442638984375 0.4930305609375 0.2765361296875 0.500426365625 0.2882409265625 0.5724567984375 0.291975953125 0.5728245015625 0.2917021390625 0.5796932484374999 0.30610758125 0.5851118703125 0.303786940625 0.584566359375 0.29337798125000003 0.5892715875000001 0.28473050624999996 0.5991789328125 0.284211284375 0.5957478 0.2515508796875 0.582086996875 0.23877442499999998 0.4959311390625 0.24074391093749997
0 0.39375210156249996 0.2422801046875 0.38879008593750003 0.24966831875 0.39027995781249997 0.2726292703125 0.3904819578125 0.2801286640625 0.391725075 0.287446225 0.40075126718750004 0.2956286125 0.4795669625 0.2866610984375 0.48974041250000006 0.2912194328125 0.49638212499999995 0.2903622671875 0.49740986875 0.284453271875 0.49314694843750007 0.2760209421875 0.491607778125 0.24300684062500003 0.486839896875 0.23587431718750002 0.4695062046875 0.2332185 0.402627109375 0.240287721875 0.39375210156249996 0.2422801046875
0 0.31564817500000003 0.2420454875 0.296760271875 0.23616204999999998 0.265417540625 0.2386955578125 0.2622930953125 0.245605653125 0.2796289828125 0.292047903125 0.34314781875 0.295592640625 0.3510882078125 0.3012861828125 0.35781398124999997 0.2983879484375 0.35881027187500003 0.284588803125 0.36410601875 0.2771830984375 0.3909658 0.279339365625 0.3889924109375 0.2453298453125 0.3664662875 0.249310684375 0.31564817500000003 0.2420454875