0 0.6827356046874999 0.42041908125000005 0.6866035890625 0.41969315468749996 0.70304179375 0.275607640625 0.6958851593750001 0.2742927046875 0.68458114375 0.2768717015625 0.6801889828125 0.2898840203125 0.6820035078125 0.3970052328125 0.6827356046874999 0.42041908125000005
0 0.6388720046875 0.42005001093749994 0.6455002953125 0.420165709375 0.648241465625 0.43052593906250003 0.656014584375 0.43542108749999997 0.6694107515625001 0.43406832968750003 0.6759022140625001 0.42347268437499996 0.6776618921875001 0.41874393125 0.6815301015624999 0.4180183046875 0.6768611015625 0.28109984374999997 0.6717645390625 0.2754582671875 0.6449583546875 0.27578350937499996 0.6393443140625 0.2836181625 0.6387901359375 0.29074769218749996 0.6387088265624999 0.379194509375 0.6388720046875 0.42005001093749994
0 0.403959046875 0.37780016875 0.39223346718749996 0.3755612421875 0.3669109765625 0.39953000625 0.381735540625 0.4202159890625 0.39351435156250003 0.420675871875 0.40037210156249997 0.417744190625 0.4087163125 0.4077188578125 0.4048768609375 0.40426121562499995 0.403959046875 0.37780016875
0 0.41050469375 0.4087672015625 0.42048901250000004 0.4180953328125 0.4349901515625 0.4159752515625 0.441065215625 0.4098092015625 0.4338234609375 0.39052698750000003 0.4335255875 0.33932675 0.400879596875 0.3736779046875 0.4048709421875 0.403243984375 0.41050469375 0.4087672015625
0 0.47364584687500005 0.42987264999999997 0.47819400625 0.423849271875 0.4781506078125 0.41638967656250003 0.47993307031250004 0.41642078906249996 0.4790783828125 0.40081000937500005 0.47673328593750003 0.391614925 0.47328681875 0.3681611234375 0.47431365000000003 0.282063015625 0.43341419375 0.3420372453125 0.436011790625 0.394633696875 0.45165948125 0.4255050265625 0.46041999375 0.43235393593750004 0.47364584687500005 0.42987264999999997
0 0.5183550640625 0.4120058078125 0.51826629375 0.39674734218749996 0.513157696875 0.393946028125 0.5101852890624999 0.276925334375 0.478366246875 0.2784041875 0.474063021875 0.282736825 0.47595947968749996 0.389906403125 0.4786244703125 0.41029518125 0.484779203125 0.41786145 0.5080093234375 0.4280989703125 0.5112881140625001 0.42273162031249994 0.51760295625 0.4140269359375 0.51275485 0.4122469984375 0.5183550640625 0.4120058078125
0 0.6058610437499999 0.4086172125 0.6128484640625 0.4170455234375 0.6278626953125 0.41561228593750005 0.6369568203125 0.40322654687500004 0.6333726859375 0.26856535625 0.6297641390625001 0.2610435296875 0.6223715984375 0.259558421875 0.6055689859375 0.2599433140625 0.6028013156250001 0.26565853125 0.597763734375 0.27506369375 0.5952368296875 0.2784099140625 0.598126384375 0.381189371875 0.6004872609375 0.393096875 0.604356303125 0.40164067187499997 0.6058610437499999 0.4086172125
0 0.5546598015625 0.29533175625 0.5565821265625 0.406909240625 0.5569234984375 0.4218331734375 0.5622112453125 0.42260335937500004 0.5738050203125 0.43501126250000005 0.58627481875 0.4338728515625 0.5900748140625 0.4305485578125 0.5961271921875 0.4204832203125 0.59862625625 0.4123898203125 0.5985355125 0.39679237500000003 0.595829415625 0.325546784375 0.5921875562500001 0.31226085000000003 0.590770234375 0.2874861 0.5876769765625001 0.280990396875 0.5652662562499999 0.28026027343750004 0.557150975 0.2858821453125 0.5546598015625 0.29533175625
0 0.5223002140624999 0.41173572812500003 0.5286998796875 0.41761096093749994 0.5339664515625 0.425670290625 0.5485937812499999 0.42338279375 0.548834546875 0.42101379687499996 0.555668621875 0.41401318906249995 0.5556173328125 0.40519738437499997 0.5545023515625 0.30109283124999997 0.549304984375 0.28303305 0.5474670625 0.273507578125 0.5365095953125001 0.27196024375 0.5199674734374999 0.2733668125 0.5136445171874999 0.280715284375 0.5155865687500001 0.39568343906250003 0.5187271734375 0.41031699218749995 0.5223002140624999 0.41173572812500003
0 0.607360484375 0.2396320296875 0.6072299671875 0.2609894359375 0.6293821656249999 0.2610368625 0.6345521390625 0.27434976718750004 0.6997275328125 0.2731142078125 0.7084705828125 0.2222414 0.6378172203125 0.22287277656249999 0.632503365625 0.22854355 0.6294988765625 0.23730631406249997 0.607360484375 0.2396320296875
0 0.51778358125 0.2700230265625 0.597570775 0.2747213828125 0.60462194375 0.26128285625 0.6065169499999999 0.2369051625 0.5937215609375001 0.22583235625000003 0.580464146875 0.22288880312499998 0.537715253125 0.22756720156250002 0.51778358125 0.2700230265625